700.00	-13672.29	299.93		528.81
700.20	-14189.12	532.77		122.77
700.40	-14602.24	841.06		-75.48
700.60	-14943.06	1165.49		-68.10
700.80	-15235.25	1444.98		130.24
701.00	-15540.71	1641.56		522.17
701.20	-15928.63	1733.49		1036.47
701.40	-16412.69	1703.20		1521.51
701.60	-17004.05	1534.07		1876.92
701.80	-17657.51	1298.56		2108.93
702.00	-18297.96	1097.43		2285.01
702.20	-18852.31	952.72		2509.02
702.40	-19230.94	835.63		2800.65
702.60	-19372.54	731.02		3162.76
702.80	-19261.47	637.54		3519.34
703.00	-18917.70	580.28		3773.93
703.20	-18456.86	581.52		3854.30
703.40	-18006.11	682.82		3705.52
703.60	-17592.29	875.71		3443.18
703.80	-17247.60	1180.54		3220.23
704.00	-17008.08	1616.26		3108.04
704.20	-16891.69	2253.57		3098.16
704.40	-16911.35	3076.84		3165.58
704.60	-17027.13	3998.05		3267.73
704.80	-17172.53	4887.04		3316.94
705.00	-17329.86	5669.72		3249.59
705.20	-17471.58	6309.14		3063.57
705.40	-17588.46	6809.04		2774.21
705.60	-17643.23	7155.90		2447.22
705.80	-17601.80	7305.31		2188.16
706.00	-17531.91	7174.13		2083.57
706.20	-17483.58	6736.86		2079.86
706.40	-17516.97	6020.24		1999.42
706.60	-17677.54	5119.88		1753.23
706.80	-17972.18	4235.36		1468.00
707.00	-18405.05	3581.74		1287.37
707.20	-18963.55	3194.43		1178.57
707.40	-19563.99	2949.17		1047.71
707.60	-20088.78	2787.86		896.45
707.80	-20455.99	2634.15		790.89
708.00	-20652.03	2460.18		724.65
708.20	-20716.98	2258.73		669.48
708.40	-20697.01	2033.28		601.22
708.60	-20618.25	1720.16		521.67
708.80	-20542.45	1257.42		429.33
709.00	-20475.56	 674.99		385.74
709.20	-20421.36	  42.05		416.59
709.40	-20410.48       -596.13		491.06
709.60	-20436.89	-1182.07	486.24
709.80	-20473.46	-1657.71	367.40
710.00	-20509.11	-2008.97	218.81
710.20	-20554.23	-2238.75	50.19
710.40	-20636.91	-2343.26	-157.79
710.60	-20763.50	-2344.37	-365.96
710.80	-20902.05	-2269.61	-500.32
711.00	-21064.76	-2139.65	-488.45
711.20	-21263.14	-1974.17	-309.04
711.40	-21497.43	-1820.27	20.15
711.60	-21776.63	-1709.01	481.93
711.80	-22078.74	-1583.95	1015.09
712.00	-22379.61	-1377.88	1574.10
712.20	-22671.46	-1056.78	2152.51
712.40	-22912.12	-580.10		2767.35
712.60	-23113.18	54.75		3441.53
712.80	-23325.89	832.07		4148.41
713.00	-23579.68	1708.97		4841.46
713.20	-23927.46	2601.52		5428.56
713.40	-24432.11	3402.15		5844.65
713.60	-25144.12	3996.36		6072.34
713.80	-26128.66	4342.38		6166.95
714.00	-27298.08	4491.85		6217.53
714.20	-28500.17	4542.16		6313.41
714.40	-29656.28	4585.22		6523.14
714.60	-30807.65	4641.51		6889.71
714.80	-31993.70	4671.81		7372.92
715.00	-33253.13	4639.16		7923.07
715.20	-34536.56	4529.71		8470.30
715.40	-35702.01	4420.84		9004.41
715.60	-36659.76	4353.67		9517.33
715.80	-37365.42	4330.84		9980.34
716.00	-37833.56	4336.75		10331.13
716.20	-38134.67	4286.47		10465.08
716.40	-38375.12	4070.78		10354.65
716.60	-38564.79	3684.83		10058.15
716.80	-38584.34	3203.95		9602.11
717.00	-38361.59	2706.94		9097.59
717.20	-38033.62	2128.01		8633.06
717.40	-37741.61	1408.57		8216.62
717.60	-37543.77	579.33		7803.57
717.80	-37389.43	-298.66		7319.07
718.00	-37070.78	-1127.10	6745.35
718.20	-36381.44	-1815.64	6120.10
718.40	-35321.74	-2332.76	5487.91
718.60	-34064.14	-2685.29	4874.90
718.80	-32780.67	-2885.68	4283.66
719.00	-31614.83	-2958.09	3716.08
719.20	-30680.29	-2964.34	3188.16
719.40	-30063.42	-2931.75	2726.23
719.60	-29839.13	-2862.06	2341.31
719.80	-29977.01	-2741.22	2034.80
720.00	-30335.53	-2575.53	1811.80
720.20	-30706.69	-2355.58	1632.38
720.40	-30953.18	-2079.55	1445.43
720.60	-30971.04	-1753.99	1260.22
720.80	-30710.18	-1391.91	1110.94
721.00	-30209.54	-1058.25	1070.62
721.20	-29548.20	-779.50		1179.67
721.40	-28816.90	-546.43		1424.00
721.60	-28136.93	-351.77		1779.78
721.80	-27558.36	-219.38		2134.48
722.00	-27122.94	-185.24		2410.09
722.20	-26871.84	-225.82		2499.31
722.40	-26754.35	-279.78		2317.23
722.60	-26654.80	-315.97		1865.35
722.80	-26470.67	-344.50		1271.63
723.00	-26157.92	-351.00		751.77
723.20	-25743.86	-316.00		466.44
723.40	-25242.37	-268.14		411.74
723.60	-24665.41	-258.47		513.97
723.80	-24139.06	-383.10		755.03
724.00	-23786.13	-653.28		1094.25
724.20	-23657.60	-964.59		1505.33
724.40	-23823.62	-1244.70	1986.18
724.60	-24185.93	-1461.35	2382.56
724.80	-24598.32	-1607.90	2605.98
725.00	-25003.31	-1707.43	2703.79
725.20	-25356.77	-1800.29	2720.80
725.40	-25612.06	-1915.55	2731.62
725.60	-25660.05	-2099.69	2754.80
725.80	-25399.20	-2364.82	2745.61
726.00	-24859.90	-2665.75	2685.92
726.20	-24210.46	-2947.69	2609.28
726.40	-23657.66	-3221.72	2587.58
726.60	-23372.08	-3516.37	2653.17
726.80	-23362.26	-3784.86	2835.23
727.00	-23559.23	-3998.14	3179.51
727.20	-23869.32	-4145.79	3686.77
727.40	-24144.17	-4238.36	4308.74
727.60	-24279.91	-4428.40	4894.79
727.80	-24281.98	-4590.26	5431.08
728.00	-24191.05	-4600.64	5817.77
728.20	-24311.96	-4256.44	5751.35
728.40	-24850.75	-3095.27	5498.46
728.60	-25516.44	-1598.18	5374.42
728.80	-26187.29	-100.55		5422.31
729.00	-26764.36	1171.26		5626.14
729.20	-27205.81	2206.66		5950.32
729.40	-27475.57	3147.06		6363.13
729.60	-27508.60	4010.49		6734.85
729.80	-27334.94	4783.62		6957.50
730.00	-27065.29	5464.14		7012.00
730.20	-26811.07	6087.31		6923.15
730.40	-26647.03	6721.52		6827.86
730.60	-26573.36	7383.33		6752.20
730.80	-26518.58	7952.95		6726.79
731.00	-26491.65	8313.58		6842.25
731.20	-26528.03	8379.37		7109.96
731.40	-26608.10	8217.53		7352.22
731.60	-26766.16	7888.95		7456.93
731.80	-26988.74	7491.50		7358.91
732.00	-27189.89	7178.69		7049.81
732.20	-27358.48	6900.67		6613.65
732.40	-27452.11	6558.44		6118.34
732.60	-27466.65	6111.62		5626.42
732.80	-27418.30	5607.10		5094.83
733.00	-27238.27	5050.18		4479.53
733.20	-26860.84	4472.50		3812.67
733.40	-26296.67	3971.04		3115.10
733.60	-25609.74	3598.82		2452.30
733.80	-24902.32	3295.64		1896.42
734.00	-24232.53	2975.30		1471.65
734.20	-23576.82	2544.19		1175.56
734.40	-22961.52	1957.27		953.73
734.60	-22429.74	1294.48		879.55
734.80	-22055.38	745.10		989.32
735.00	-21909.71	438.02		1286.33
735.20	-21974.02	381.94		1682.72
735.40	-22172.57	480.48		1958.65
735.60	-22416.39	569.00		2021.57
735.80	-22699.87	524.62		1871.26
736.00	-23081.16	344.76		1518.40
736.20	-23608.26	70.24		1068.19
736.40	-24328.85	-302.25		744.09
736.60	-25256.77	-712.25		689.91
736.80	-26287.73	-1051.51	927.66
737.00	-27298.14	-1277.25	1419.44
737.20	-28196.44	-1355.73	2091.69
737.40	-28900.16	-1302.78	2776.70
737.60	-29351.77	-1242.85	3308.29
737.80	-29529.77	-1276.88	3615.18
738.00	-29462.86	-1314.44	3687.95
738.20	-29243.88	-1167.84	3641.38
738.40	-28970.84	-789.16		3545.61
738.60	-28733.93	-326.25		3230.16
738.80	-28591.87	100.24		2666.78
739.00	-28576.67	410.60		1971.91
739.20	-28697.13	542.45		1198.69
739.40	-28921.82	487.93		488.87
739.60	-29184.68	242.15		-75.81
739.80	-29358.73	-125.89		-564.00
740.00	-29404.25	-528.24		-937.14
740.20	-29354.46	-885.84		-1066.49
740.40	-29224.98	-1147.08	-931.57
740.60	-29029.68	-1297.00	-575.58
740.80	-28774.05	-1411.17	-46.67
741.00	-28475.76	-1547.87	543.72
741.20	-28133.85	-1737.52	1054.57
741.40	-27796.19	-2000.04	1372.43
741.60	-27518.78	-2308.24	1428.96
741.80	-27405.82	-2647.87	1274.01
742.00	-27523.23	-3003.59	1177.73
742.20	-27797.49	-3355.42	1253.61
742.40	-28078.90	-3636.93	1476.30
742.60	-28284.31	-3825.88	1741.90
742.80	-28424.78	-3916.83	1971.05
743.00	-28598.47	-3948.19	2087.09
743.20	-28865.82	-3977.54	2059.68
743.40	-29247.91	-4008.01	1914.53
743.60	-29750.48	-4058.99	1766.86
743.80	-30308.88	-4144.54	1651.85
744.00	-30760.64	-4189.23	1585.15
744.20	-31019.92	-4120.32	1586.08
744.40	-31141.63	-3947.84	1701.30
744.60	-31164.56	-3721.40	2013.00
744.80	-31173.50	-3455.35	2539.61
745.00	-31270.21	-3136.47	3200.16
745.20	-31451.33	-2819.37	3860.53
745.40	-31727.73	-2569.20	4387.66
745.60	-32180.18	-2405.03	4754.72
745.80	-32813.00	-2331.89	5001.26
746.00	-33603.19	-2329.06	5182.02
746.20	-34454.09	-2368.35	5331.17
746.40	-35264.55	-2428.32	5454.20
746.60	-35918.29	-2510.26	5537.39
746.80	-36349.31	-2620.64	5566.86
747.00	-36504.14	-2752.70	5558.52
747.20	-36403.44	-2921.58	5551.50
747.40	-36170.35	-3140.04	5589.27
747.60	-35979.24	-3426.03	5691.57
747.80	-35830.52	-3676.25	5812.92
748.00	-35689.25	-3820.02	5936.25
748.20	-35543.94	-3849.82	6012.31
748.40	-35376.32	-3758.95	5976.11
748.60	-35174.85	-3493.53	5735.79
748.80	-34928.83	-3037.46	5240.82
749.00	-34636.80	-2427.87	4510.65
749.20	-34257.52	-1744.85	3589.37
749.40	-33777.25	-1020.10	2562.75
749.60	-33262.59	-279.58		1528.49
749.80	-32765.52	418.55		542.95
750.00	-32290.80	988.16		-325.11
750.20	-31767.28	1439.06		-1042.59
750.40	-31111.85	1750.77		-1621.33
750.60	-30322.68	1898.12		-2079.17
750.80	-29459.98	1899.85		-2429.75
751.00	-28638.45	1749.96		-2654.63
751.20	-27965.99	1457.72		-2716.86
751.40	-27526.89	1001.83		-2693.56
751.60	-27338.17	417.85		-2665.39
751.80	-27382.75	-248.76		-2693.42
752.00	-27609.36	-946.60		-2730.79
752.20	-27895.87	-1616.43	-2719.73
752.40	-28153.81	-2193.86	-2612.91
752.60	-28324.21	-2657.08	-2362.68
752.80	-28357.76	-3021.64	-1896.66
753.00	-28269.97	-3254.43	-1214.82
753.20	-28081.52	-3368.78	-427.65
753.40	-27937.83	-3398.84	255.81
753.60	-27995.16	-3318.57	696.08
753.80	-28300.93	-3139.42	830.27
754.00	-28837.91	-2892.82	704.41
754.20	-29524.56	-2631.71	430.90
754.40	-30233.57	-2305.42	87.57
754.60	-30862.50	-1897.58	-235.58
754.80	-31330.73	-1493.82	-459.04
755.00	-31639.43	-1157.89	-534.43
755.20	-31857.80	-957.97		-496.81
755.40	-32004.78	-829.31		-485.75
755.60	-31991.14	-679.61		-574.73
755.80	-31755.42	-525.81		-750.09
756.00	-31272.66	-463.87		-934.11
756.20	-30558.27	-565.53		-1045.38
756.40	-29627.32	-750.67		-1065.55
756.60	-28551.63	-975.62		-956.59
756.80	-27576.44	-1179.07	-766.78
757.00	-26868.45	-1303.75	-525.52
757.20	-26502.28	-1334.70	-268.14
757.40	-26402.61	-1250.77	-18.94
757.60	-26470.70	-1080.02	204.83
757.80	-26574.62	-915.37		388.24
758.00	-26697.11	-831.58		529.75
758.20	-26881.78	-875.48		637.78
758.40	-27068.91	-1036.49	717.33
758.60	-27175.88	-1179.26	655.50
758.80	-27196.35	-1224.80	429.23
759.00	-27123.27	-1189.80	108.24
759.20	-26936.95	-1136.66	-239.86
759.40	-26580.92	-1123.57	-575.73
759.60	-26047.91	-1232.37	-892.51
759.80	-25446.13	-1498.67	-1154.57
760.00	-24995.14	-1846.29	-1319.81
760.20	-24848.67	-2120.83	-1417.10
760.40	-25035.67	-2249.54	-1426.18
760.60	-25433.10	-2198.99	-1326.86
760.80	-25790.76	-1954.63	-1173.23
761.00	-25913.27	-1522.57	-1057.26
761.20	-25746.12	-992.48		-954.78
761.40	-25389.46	-455.13		-847.05
761.60	-24929.29	111.95		-736.65
761.80	-24484.52	606.38		-501.61
762.00	-24128.52	848.30		-56.88
762.20	-23871.83	825.87		464.76
762.40	-23640.31	642.34		993.74
762.60	-23408.31	449.47		1322.59
762.80	-23278.29	339.16		1272.28
763.00	-23245.27	159.09		1126.19
763.20	-23332.82	-255.81		1147.40
763.40	-23564.62	-680.34		1262.83
763.60	-23916.79	-842.48		1337.72
763.80	-24263.91	-831.11		1405.07
764.00	-24483.51	-770.09		1456.32
764.20	-24514.18	-695.15		1454.20
764.40	-24399.55	-576.79		1356.31
764.60	-24221.00	-399.83		1242.08
764.80	-23991.62	-160.11		1321.76
765.00	-23751.10	105.41		1528.04
765.20	-23568.50	428.74		1723.66
765.40	-23492.21	729.64		2017.74
765.60	-23540.03	971.85		2367.53
765.80	-23685.28	1107.05		2686.52
766.00	-23841.94	1058.67		2860.40
766.20	-23933.80	730.91		2990.22
766.40	-23996.22	271.97		3087.73
766.60	-24018.29	-196.22		3048.84
766.80	-23939.56	-555.24		2832.87
767.00	-23591.28	-861.06		2666.30
767.20	-22978.00	-1095.57	2522.08
767.40	-22201.76	-1202.78	2322.77
767.60	-21412.08	-1092.81	1937.71
767.80	-20728.93	-814.31		1524.68
768.00	-20063.34	-480.57		1316.48
768.20	-19336.20	-109.17		1206.57
768.40	-18616.73	364.04		958.80
768.60	-17873.45	1086.52		648.01
768.80	-17113.81	2000.98		465.05
769.00	-16409.03	2954.95		501.58
769.20	-15634.04	3706.69		798.12
769.40	-14730.19	4156.45		967.50
769.60	-13591.58	4329.00		802.42
769.80	-12100.13	4286.61		465.80
770.00	-10332.63	4024.56		105.18
770.20	-8683.51	3704.96		-40.75
770.40	-7732.49	3692.23		-64.91
770.60	-7193.35	3926.05		17.66
770.80	-6629.40	4203.19		94.84
771.00	-6253.20	4139.32		338.26
771.20	-5944.67	3758.81		732.52
771.40	-5804.97	3303.19		1190.44
771.60	-5623.65	2868.44		1567.52
771.80	-5502.94	2618.90		1524.59
772.00	-5230.48	2256.14		1704.88
772.20	-4888.25	1900.43		1819.17
772.40	-4605.18	1562.10		1729.29
772.60	-4203.54	1173.57		1585.12
772.80	-3627.34	861.16		1335.05
773.00	-3207.86	922.92		1046.33
773.20	-2876.05	952.34		860.48
773.40	-2651.15	810.27		665.28
773.60	-2562.35	887.17		455.98
773.80	-2460.12	1164.24		333.41
774.00	-2250.83	1437.64		256.93
774.20	-2122.40	1681.71		127.93
774.40	-2021.09	1982.25		1.10
774.60	-2041.59	2267.50		-134.95
774.80	-1813.61	2198.51		-244.86
775.00	-1432.07	2087.17		-409.71
775.20	-1327.40	2009.02		-482.53
775.40	-1500.86	2260.22		-458.36
775.60	-1479.44	2218.60		-431.59
775.80	-1137.89	2132.10		-230.41
776.00	-873.80		1935.33		-28.06
776.20	-502.90		1753.65		184.27
776.40	-105.97		1646.14		221.51
776.60	-67.27		1534.30		405.65
776.80	285.52		1412.20		387.25
777.00	549.33		1291.14		280.87
777.20	801.46		1048.37		145.93
777.40	885.99		902.99		-91.30
777.60	988.29		715.17		-154.64
777.80	1048.89		488.16		-220.03
778.00	1046.95		154.21		-323.21
778.20	1012.31		-101.68		-347.69
778.40	794.66		-340.08		-397.82
778.60	672.46		-500.26		-445.83
778.80	472.61		-646.84		-503.93
779.00	337.02		-823.08		-535.78
779.20	314.79		-917.10		-597.02
779.40	174.72		-1092.32	-618.36
779.60	50.14		-1225.36	-670.39
779.80	-46.70		-1366.37	-646.50
780.00	197.47		-1697.04	-669.89
780.20	520.92		-2092.42	-682.60
780.40	1138.43		-2632.12	-530.59
780.60	1717.49		-3102.27	-375.93
780.80	2042.13		-3327.73	-424.57
781.00	2131.49		-3655.67	-370.22
781.20	1993.03		-3841.77	-361.44
781.40	1737.64		-3408.64	-627.64
781.60	1503.61		-3264.09	-407.26
781.80	1461.03		-3176.05	130.64
782.00	1362.01		-2866.15	581.14
782.20	1289.20		-2729.98	876.64
782.40	1429.09		-2529.28	1244.62
782.60	1582.87		-2186.10	1629.54
782.80	1762.75		-1996.27	1886.15
783.00	1966.87		-1942.47	2325.27
783.20	2249.72		-1918.00	2591.60
783.40	2648.15		-1513.93	2867.03
783.60	3008.29		-924.46		3308.65
783.80	3423.20		-123.78		3400.63
784.00	3988.22		506.28		3414.66
784.20	4641.58		820.47		3588.97
784.40	5155.60		1007.65		3762.60
784.60	5542.47		1146.58		3861.60
784.80	5885.66		1206.19		3920.96
785.00	6285.90		1213.96		3894.22
785.20	6759.23		1083.87		3915.55
785.40	7277.38		789.41		4152.72
785.60	7817.86		393.34		4457.73
785.80	8267.51		112.83		4627.12
786.00	8599.43		7.51		4640.77
786.20	8843.22		180.83		4464.95
786.40	8982.22		579.99		4286.03
786.60	8989.43		1150.43		4224.48
786.80	8710.60		1784.32		4208.30
787.00	8168.04		2232.59		4138.34
787.20	7681.84		2317.82		4146.66
787.40	7387.06		1927.76		4077.13
787.60	7419.98		1583.94		3789.94
787.80	8015.53		1397.29		3259.65
788.00	8779.42		1131.71		2963.16
788.20	9581.36		863.29		2885.22
788.40	10166.10	423.56		2807.77
788.60	10462.40	-55.76		2770.62
788.80	10486.18	-419.65		2800.04
789.00	10293.14	-827.87		2937.75
789.20	9934.02		-1064.44	3153.20
789.40	9478.82		-777.22		3370.21
789.60	8935.95		-302.43		3875.48
789.80	8386.80		85.44		4300.65
790.00	7746.35		394.52		4767.18
790.20	7174.64		748.42		5209.72
790.40	6742.04		1214.13		5516.43
790.60	6554.57		1648.95		5629.38
790.80	6851.07		1736.31		5544.85
791.00	6998.67		1597.44		5411.54
791.20	7409.44		1828.60		5047.95
791.40	8546.89		2327.72		4751.41
791.60	9806.88		2784.83		4180.94
791.80	10855.48	3016.82		3317.96
792.00	11781.89	3395.70		2252.84
792.20	12670.20	4084.96		1144.56
792.40	13453.11	4807.32		-31.81
792.60	14183.85	5393.22		-1201.85
792.80	14781.56	5874.38		-2247.68
793.00	15193.65	6244.38		-3160.52
793.20	15372.19	6561.18		-4038.38
793.40	15285.27	6829.62		-4888.68
793.60	14898.14	7041.00		-5617.36
793.80	14215.34	7104.92		-6285.92
794.00	13378.60	6822.70		-6754.73
794.20	12497.50	6396.28		-6922.74
794.40	11548.46	5986.62		-6849.66
794.60	10496.36	5468.44		-6604.26
794.80	9426.20		4870.39		-6103.25
795.00	8561.74		4224.40		-5370.37
795.20	7999.58		3555.90		-4540.91
795.40	7727.94		2874.41		-3957.74
795.60	7623.31		2443.40		-3709.31
795.80	7735.09		2196.67		-3353.96
796.00	8119.26		2174.69		-2923.10
796.20	8732.56		2124.55		-2598.34
796.40	9467.75		1835.34		-2219.61
796.60	10265.51	1636.36		-1829.56
796.80	11085.01	1536.42		-1507.05
797.00	11806.79	1491.30		-1270.45
797.20	12501.75	1507.41		-1106.46
797.40	13304.02	1510.48		-920.16
797.60	13932.52	1516.72		-666.22
797.80	14241.93	1544.31		-342.85
798.00	14399.42	1687.85		-204.26
798.20	14288.54	1922.73		-241.16
798.40	14216.89	1993.27		-93.75
798.60	14378.98	1666.70		154.05
798.80	14877.06	1242.64		338.34
799.00	15653.57	870.23		549.40
799.20	16552.21	580.17		839.42
799.40	17448.61	408.98		1248.30
799.60	18178.83	279.92		1793.90
799.80	18689.45	166.15		2368.48
800.00	18932.20	13.12		2926.12
800.20	18950.12	-234.13		3471.38
800.40	18755.72	-538.77		4017.84
800.60	18439.84	-915.56		4391.71
800.80	18115.93	-1384.50	4454.16
801.00	17845.74	-1840.93	4379.15
801.20	17612.27	-2194.32	4243.66
801.40	17397.84	-2446.85	4103.61
801.60	17285.25	-2485.99	4041.02
801.80	17296.35	-2337.57	4110.93
802.00	17364.55	-2078.86	4291.32
802.20	17382.00	-1725.88	4649.74
802.40	17217.48	-1323.96	5131.04
802.60	16878.42	-1022.30	5705.20
802.80	16407.61	-915.06		6335.53
803.00	15889.26	-1040.76	6877.02
803.20	15423.60	-1407.61	7284.87
803.40	15143.92	-1930.27	7558.20
803.60	15135.90	-2506.62	7789.90
803.80	15385.86	-3130.45	7994.93
804.00	15856.71	-3749.67	8206.39
804.20	16506.88	-4279.20	8394.41
804.40	17261.49	-4631.01	8511.48
804.60	17935.99	-4917.04	8411.82
804.80	18382.48	-5141.60	8187.52
805.00	18485.24	-5278.11	7960.31
805.20	18242.73	-5298.38	7851.82
805.40	17692.32	-5227.89	7961.66
805.60	16985.05	-5077.12	8294.24
805.80	16319.69	-4865.48	8823.23
806.00	15831.30	-4704.26	9444.99
806.20	15605.24	-4645.34	10093.64
806.40	15684.59	-4667.57	10684.17
806.60	16028.79	-4803.87	10973.71
806.80	16418.07	-4961.99	10940.78
807.00	16716.16	-5097.48	10628.33
807.20	16981.44	-5171.87	10079.92
807.40	17308.08	-5217.48	9418.20
807.60	17744.17	-5245.63	8771.03
807.80	18274.49	-5270.40	8212.87
808.00	18841.05	-5295.74	7811.53
808.20	19349.54	-5351.51	7641.66
808.40	19750.57	-5432.45	7650.80
808.60	20040.95	-5516.08	7759.22
808.80	20235.96	-5539.14	7819.76
809.00	20391.64	-5462.73	7704.85
809.20	20562.25	-5295.00	7380.20
809.40	20766.30	-5094.37	6893.65
809.60	20982.75	-4899.19	6354.75
809.80	21175.55	-4676.15	5852.38
810.00	21283.65	-4379.34	5417.27
810.20	21230.89	-4025.20	5096.60
810.40	20947.80	-3693.22	4870.70
810.60	20440.16	-3501.15	4682.52
810.80	19788.04	-3501.76	4493.16
811.00	19061.75	-3647.87	4299.85
811.20	18288.67	-3836.12	4074.78
811.40	17454.97	-4016.82	3787.96
811.60	16576.48	-4126.88	3418.83
811.80	15653.60	-4068.24	2974.49
812.00	14661.84	-3824.03	2513.23
812.20	13656.87	-3409.21	2102.82
812.40	12750.79	-2885.68	1807.04
812.60	12102.99	-2364.40	1699.04
812.80	11814.52	-1963.60	1809.57
813.00	11831.41	-1798.18	2099.21
813.20	12079.52	-1779.63	2472.10
813.40	12574.31	-1889.04	2845.63
813.60	13316.48	-2125.61	3185.10
813.80	14194.58	-2424.57	3473.02
814.00	14974.55	-2647.74	3714.37
814.20	15555.83	-2727.38	3931.58
814.40	15967.25	-2742.63	4157.72
814.60	16232.83	-2742.50	4395.37
814.80	16410.64	-2663.92	4661.29
815.00	16536.39	-2449.93	4958.25
815.20	16592.79	-2142.49	5268.86
815.40	16550.70	-1809.45	5584.86
815.60	16374.58	-1486.61	5883.78
815.80	16069.79	-1244.61	6138.12
816.00	15711.21	-1058.03	6318.97
816.20	15352.37	-872.15		6455.21
816.40	15041.48	-658.24		6493.16
816.60	14798.43	-347.01		6283.30
816.80	14608.87	57.87		5854.30
817.00	14479.20	442.89		5388.13
817.20	14393.50	752.05		5096.96
817.40	14352.38	960.60		5046.97
817.60	14378.85	1039.56		5121.01
817.80	14453.79	1025.96		5211.06
818.00	14540.37	966.59		5241.75
818.20	14660.58	857.75		5115.08
818.40	14835.63	696.34		4780.45
818.60	15085.13	483.21		4279.92
818.80	15403.50	243.11		3670.31
819.00	15764.71	57.29		3031.43
819.20	16113.41	-23.36		2466.10
819.40	16399.20	25.95		1956.85
819.60	16605.25	185.63		1431.18
819.80	16742.37	449.21		816.28
820.00	16815.23	744.21		178.61
820.20	16850.94	979.18		-337.93
820.40	16869.52	1092.23		-674.02
820.60	16873.27	1058.22		-829.81
820.80	16887.06	928.92		-859.91
821.00	16963.13	772.03		-825.68
821.20	17163.53	650.11		-768.47
821.40	17547.51	604.03		-752.43
821.60	18144.02	607.63		-811.20
821.80	18909.15	679.00		-923.65
822.00	19763.72	803.26		-1059.39
822.20	20641.63	896.67		-1210.95
822.40	21480.12	955.20		-1399.98
822.60	22260.85	985.64		-1584.87
822.80	22993.78	1015.98		-1672.70
823.00	23655.90	1139.45		-1566.59
823.20	24258.70	1388.03		-1201.71
823.40	24847.00	1717.83		-582.72
823.60	25468.44	2019.97		189.59
823.80	26108.46	2212.75		962.91
824.00	26642.15	2296.94		1588.93
824.20	26980.52	2284.96		1989.37
824.40	27130.63	2225.02		2117.11
824.60	27122.50	2172.56		1993.51
824.80	26950.06	2130.83		1679.76
825.00	26621.10	2062.59		1249.10
825.20	26159.78	1886.83		828.34
825.40	25618.27	1560.82		554.00
825.60	25105.87	1086.24		397.75
825.80	24707.48	486.84		312.41
826.00	24436.88	-229.36		270.31
826.20	24227.04	-1053.79	279.11
826.40	24048.68	-1900.08	324.28
826.60	23906.54	-2721.15	361.53
826.80	23769.99	-3493.67	379.15
827.00	23620.43	-4223.12	365.06
827.20	23436.41	-4935.11	340.34
827.40	23210.83	-5572.27	316.52
827.60	22955.15	-6064.98	262.18
827.80	22706.85	-6384.66	147.21
828.00	22490.95	-6584.56	-80.38
828.20	22315.04	-6692.15	-456.18
828.40	22166.49	-6711.26	-980.28
828.60	21990.32	-6652.96	-1611.59
828.80	21716.91	-6536.06	-2271.42
829.00	21275.59	-6381.48	-2865.76
829.20	20629.16	-6230.94	-3344.74
829.40	19807.36	-6136.75	-3662.73
829.60	18854.72	-6066.68	-3784.65
829.80	17861.59	-6003.37	-3675.18
830.00	16915.08	-5949.04	-3320.54
830.20	16122.51	-5965.55	-2766.38
830.40	15528.63	-6145.97	-2234.62
830.60	15141.70	-6420.35	-1934.43
830.80	14980.23	-6677.00	-1871.38
831.00	15050.75	-6868.11	-1943.34
831.20	15320.94	-6957.87	-2071.16
831.40	15684.90	-6936.68	-2180.34
831.60	16091.36	-6857.85	-2156.71
831.80	16465.90	-6733.75	-1959.24
832.00	16800.33	-6548.88	-1611.98
832.20	17146.90	-6329.03	-1138.65
832.40	17515.47	-6135.30	-536.15
832.60	17906.99	-6032.39	166.30
832.80	18290.01	-6014.82	869.64
833.00	18655.20	-6019.59	1447.06
833.20	19001.32	-6015.55	1835.36
833.40	19335.81	-5973.20	2006.86
833.60	19647.21	-5861.36	1994.74
833.80	19906.81	-5670.09	1897.08
834.00	20073.01	-5418.22	1807.58
834.20	20133.90	-5133.21	1768.77
834.40	20132.89	-4854.25	1741.88
834.60	20119.91	-4587.27	1729.14
834.80	20147.32	-4320.36	1749.98
835.00	20220.72	-3925.75	1757.65
835.20	20297.52	-3344.62	1791.35
835.40	20333.40	-2650.96	1909.61
835.60	20322.91	-2017.79	2069.12
835.80	20281.55	-1659.36	2141.99
836.00	20246.87	-1605.74	1974.86
836.20	20226.17	-1756.36	1539.55
836.40	20177.70	-1929.52	910.38
836.60	20088.92	-1973.93	279.85
836.80	19998.56	-1868.70	-176.46
837.00	19938.80	-1677.72	-367.53
837.20	19903.54	-1479.03	-303.12
837.40	19844.17	-1317.33	-32.81
837.60	19673.16	-1262.70	414.07
837.80	19363.71	-1387.85	919.94
838.00	18986.58	-1631.36	1411.53
838.20	18627.39	-1866.59	1869.11
838.40	18337.27	-2004.42	2229.46
838.60	18153.77	-2069.13	2415.86
838.80	18090.69	-2111.95	2455.25
839.00	18100.92	-2130.63	2419.94
839.20	18172.61	-2125.45	2312.95
839.40	18370.51	-2092.58	2075.33
839.60	18755.27	-1978.52	1763.78
839.80	19259.33	-1648.43	1563.43
840.00	19714.29	-1172.78	1535.53
840.20	20034.28	-737.51		1692.33
840.40	20254.42	-445.19		1973.77
840.60	20469.55	-267.40		2218.50
840.80	20748.62	-111.26		2397.75
841.00	21131.05	-32.01		2593.60
841.20	21581.18	-172.24		2847.91
841.40	22000.27	-466.87		3090.36
841.60	22348.70	-823.67		3281.77
841.80	22614.95	-1140.35	3399.10
842.00	22753.69	-1355.86	3410.81
842.20	22732.11	-1468.00	3379.08
842.40	22545.12	-1485.36	3405.62
842.60	22216.20	-1488.29	3565.18
842.80	21789.72	-1601.73	3809.96
843.00	21348.80	-1845.43	4061.96
843.20	20962.01	-2152.23	4263.08
843.40	20675.08	-2382.50	4385.00
843.60	20480.85	-2511.05	4374.62
843.80	20375.24	-2546.79	4132.04
844.00	20384.95	-2446.48	3626.18
844.20	20500.16	-2178.35	2974.04
844.40	20681.26	-1834.77	2324.43
844.60	20897.82	-1539.05	1781.69
844.80	21135.67	-1299.24	1400.16
845.00	21374.68	-1069.11	1197.49
845.20	21597.90	-825.38		1121.56
845.40	21784.06	-584.42		1087.37
845.60	21910.95	-385.44		1012.69
845.80	21977.03	-248.53		869.48
846.00	22003.50	-153.56		725.30
846.20	22018.81	-83.13		629.03
846.40	22064.24	-33.64		600.40
846.60	22175.98	-16.56		622.05
846.80	22377.91	-8.05		676.75
847.00	22670.74	38.48		774.72
847.20	23034.04	161.30		911.15
847.40	23435.81	321.31		1074.42
847.60	23813.50	462.54		1226.77
847.80	24113.27	539.08		1336.44
848.00	24313.89	524.41		1384.37
848.20	24421.49	422.18		1353.43
848.40	24446.26	280.23		1269.49
848.60	24440.72	147.18		1160.07
848.80	24434.67	49.17		1066.35
849.00	24382.23	4.05		1050.71
849.20	24242.01	23.48		1168.11
849.40	23995.13	102.87		1448.29
849.60	23645.48	224.08		1885.11
849.80	23197.26	367.19		2437.58
850.00	22676.60	507.43		3049.53
850.20	22103.03	613.53		3625.43
850.40	21499.90	696.96		4105.30
850.60	20903.40	782.13		4452.11
850.80	20391.97	799.96		4704.19
851.00	20041.40	674.70		4889.23
851.20	19854.31	360.94		5030.46
851.40	19786.22	-102.83		5155.02
851.60	19801.80	-647.81		5255.05
851.80	19858.81	-1217.41	5310.29
852.00	19943.55	-1754.86	5311.42
852.20	20034.85	-2154.10	5342.59
852.40	20111.83	-2320.43	5457.32
852.60	20150.89	-2257.07	5632.47
852.80	20129.65	-2046.75	5855.93
853.00	20038.55	-1847.89	6074.68
853.20	19888.71	-1762.09	6243.52
853.40	19696.34	-1851.93	6334.41
853.60	19490.08	-2136.87	6279.82
853.80	19287.19	-2560.94	6090.48
854.00	19117.58	-3026.28	5905.00
854.20	19004.15	-3476.23	5761.73
854.40	18944.28	-3872.38	5656.47
854.60	18908.86	-4166.41	5586.85
854.80	18850.23	-4298.36	5553.93
855.00	18722.01	-4249.88	5560.91
855.20	18508.84	-4067.77	5624.68
855.40	18215.93	-3817.90	5727.99
855.60	17871.82	-3577.02	5822.33
855.80	17517.66	-3374.91	5925.20
856.00	17203.94	-3246.20	6135.67
856.20	16966.96	-3256.46	6523.98
856.40	16803.51	-3475.18	7087.54
856.60	16697.51	-3826.79	7749.08
856.80	16645.97	-4126.86	8337.31
857.00	16635.59	-4284.05	8758.28
857.20	16653.29	-4351.02	9048.89
857.40	16747.07	-4343.67	9211.24
857.60	16961.90	-4138.37	9260.29
857.80	17259.37	-3702.20	9215.98
858.00	17543.57	-3133.88	9117.26
858.20	17629.18	-2664.77	9067.53
858.40	17514.88	-2311.67	9083.12
858.60	17325.09	-1914.54	9102.34
858.80	17136.73	-1434.66	9104.23
859.00	16992.04	-974.64		9088.62
859.20	16939.39	-618.35		9058.85
859.40	17004.48	-418.05		8978.62
859.60	17170.39	-397.28		8818.72
859.80	17418.01	-501.46		8596.32
860.00	17734.24	-628.57		8325.83
860.20	18083.71	-756.02		8034.27
860.40	18436.32	-914.49		7751.13
860.60	18772.69	-1112.41	7481.38
860.80	19054.95	-1367.16	7196.80
861.00	19223.95	-1644.59	6900.68
861.20	19248.76	-1895.92	6617.65
861.40	19108.97	-2104.97	6359.63
861.60	18800.88	-2279.86	6116.18
861.80	18364.60	-2424.73	5861.80
862.00	17826.17	-2572.26	5546.14
862.20	17222.90	-2728.57	5141.12
862.40	16588.14	-2892.05	4663.50
862.60	15954.61	-3105.69	4115.56
862.80	15349.43	-3392.70	3533.55
863.00	14803.59	-3732.00	2941.83
863.20	14370.25	-4068.29	2274.15
863.40	14085.63	-4377.08	1502.37
863.60	13966.60	-4628.30	697.21
863.80	14036.86	-4750.51	-106.71
864.00	14303.69	-4654.34	-871.89
864.20	14748.68	-4381.26	-1565.88
864.40	15338.69	-4030.16	-2174.51
864.60	16096.71	-3583.08	-2709.82
864.80	17027.75	-3074.78	-3259.44
865.00	18042.39	-2577.04	-3847.56
865.20	19034.50	-2130.59	-4367.75
865.40	19951.99	-1750.68	-4732.79
865.60	20766.32	-1469.17	-4946.81
865.80	21420.64	-1223.39	-5020.40
866.00	21820.87	-950.84		-4944.50
866.20	21936.24	-648.42		-4763.21
866.40	21809.31	-313.58		-4574.62
866.60	21545.49	18.51		-4425.13
866.80	21269.24	261.91		-4304.97
867.00	21046.54	350.55		-4179.36
867.20	20878.43	318.75		-4003.92
867.40	20730.40	222.39		-3752.44
867.60	20579.56	104.23		-3363.64
867.80	20369.69	-48.02		-2839.49
868.00	19953.18	-244.15		-2339.29
868.20	19278.42	-388.89		-1899.99
868.40	18425.68	-479.76		-1500.88
868.60	17524.94	-544.72		-1149.15
868.80	16690.72	-597.91		-877.99
869.00	15964.17	-638.99		-720.74
869.20	15382.80	-691.93		-782.73
869.40	14958.49	-696.53		-897.31
869.60	14689.14	-594.02		-731.19
869.80	14590.32	-489.01		-232.05
870.00	14690.75	-441.94		469.84
870.20	14920.61	-477.39		1151.37
870.40	15182.87	-581.96		1598.33
870.60	15445.87	-677.17		1689.13
870.80	15737.76	-696.84		1432.23
871.00	16090.97	-591.66		929.48
871.20	16523.88	-400.89		355.58
871.40	17024.75	-301.49		-166.37
871.60	17536.77	-405.89		-615.47
871.80	17999.80	-675.07		-1002.16
872.00	18375.05	-1022.39	-1365.58
872.20	18617.82	-1348.32	-1683.55
872.40	18717.53	-1608.40	-1909.99
872.60	18682.65	-1814.33	-2052.31
872.80	18539.97	-1932.26	-2171.38
873.00	18369.57	-1878.49	-2229.64
873.20	18238.36	-1630.36	-2201.10
873.40	18118.93	-1245.47	-2091.58
873.60	17947.85	-861.06		-2013.70
873.80	17666.71	-647.42		-2099.08
874.00	17309.06	-671.40		-2432.79
874.20	16890.51	-946.42		-3024.08
874.40	16425.84	-1409.13	-3816.42
874.60	15934.09	-1956.70	-4712.20
874.80	15476.93	-2492.33	-5568.11
875.00	15133.69	-2909.52	-6217.77
875.20	14960.39	-3112.84	-6585.90
875.40	14981.31	-3066.84	-6670.06
875.60	15154.38	-2835.88	-6549.48
875.80	15431.19	-2551.02	-6307.13
876.00	15791.15	-2310.31	-6000.68
876.20	16184.97	-2135.89	-5658.98
876.40	16566.72	-1990.12	-5359.60
876.60	16886.00	-1839.00	-5107.97
876.80	17111.72	-1710.36	-4912.71
877.00	17228.84	-1630.38	-4780.87
877.20	17243.07	-1515.19	-4749.39
877.40	17165.55	-1349.33	-4793.67
877.60	17039.70	-1175.18	-4823.05
877.80	16921.23	-1050.56	-4760.53
878.00	16865.67	-1035.33	-4532.22
878.20	16937.89	-1136.76	-4041.39
878.40	17183.72	-1278.19	-3299.50
878.60	17610.63	-1411.61	-2397.28
878.80	18068.32	-1490.75	-1596.19
879.00	18486.62	-1508.13	-1021.91
879.20	18849.02	-1441.07	-631.26
879.40	19174.36	-1285.49	-305.15
879.60	19449.14	-1065.04	66.98
879.80	19644.84	-831.79		530.30
880.00	19736.70	-590.97		1009.73
880.20	19722.58	-302.24		1440.50
880.40	19611.28	-7.99		1829.72
880.60	19411.76	221.44		2156.04
880.80	19144.73	343.44		2378.66
881.00	18828.13	354.18		2457.95
881.20	18463.82	276.39		2354.21
881.40	18017.51	167.58		2012.26
881.60	17468.69	74.34		1436.16
881.80	16847.30	39.13		705.30
882.00	16208.30	55.94		-86.33
882.20	15609.61	70.09		-841.34
882.40	15101.72	30.70		-1468.98
882.60	14751.47	-38.00		-1893.13
882.80	14591.71	-77.20		-2130.76
883.00	14591.90	-88.87		-2268.70
883.20	14690.09	-112.52		-2401.17
883.40	14831.58	-161.64		-2585.48
883.60	15007.03	-208.63		-2760.97
883.80	15213.53	-213.13		-2908.62
884.00	15437.44	-186.62		-3058.65
884.20	15643.85	-221.19		-3240.32
884.40	15790.71	-292.28		-3400.69
884.60	15873.67	-376.69		-3694.43
884.80	15865.17	-509.16		-4158.42
885.00	15725.03	-737.44		-4693.85
885.20	15437.99	-1103.30	-5172.55
885.40	15050.92	-1517.43	-5544.00
885.60	14634.03	-1826.86	-5792.64
885.80	14243.09	-1985.83	-5877.51
886.00	13881.15	-2097.99	-5778.41
886.20	13539.83	-2291.65	-5628.45
886.40	13214.35	-2720.83	-5543.40
886.60	12915.27	-3404.06	-5441.41
886.80	12649.53	-4289.89	-5269.43
887.00	12389.89	-5389.04	-5150.49
887.20	12215.52	-6432.62	-5314.77
887.40	12173.35	-7246.31	-5804.09
887.60	12212.47	-7847.51	-6442.14
887.80	12274.73	-8274.64	-7037.51
888.00	12376.20	-8502.36	-7495.53
888.20	12549.63	-8553.32	-7730.28
888.40	12804.01	-8495.58	-7667.90
888.60	13125.76	-8318.19	-7380.12
888.80	13489.77	-7994.45	-6966.81
889.00	13826.66	-7590.96	-6457.51
889.20	14071.64	-7190.85	-5879.85
889.40	14239.14	-6842.01	-5260.32
889.60	14418.25	-6572.49	-4600.30
889.80	14650.20	-6372.04	-3950.72
890.00	14944.48	-6117.63	-3299.17
890.20	15330.66	-5685.46	-2621.23
890.40	15803.22	-5072.30	-1945.34
890.60	16290.53	-4386.75	-1333.83
890.80	16680.16	-3795.52	-819.09
891.00	16872.07	-3387.54	-404.64
891.20	16865.92	-3208.54	-86.32
891.40	16738.07	-3240.07	111.52
891.60	16579.51	-3358.64	158.70
891.80	16444.13	-3391.44	62.27
892.00	16315.01	-3266.58	-63.55
892.20	16176.03	-2959.77	-131.96
892.40	16046.98	-2506.38	-109.30
892.60	15978.82	-1962.36	-3.06
892.80	16012.55	-1416.87	121.36
893.00	16167.37	-974.34		180.08
893.20	16436.10	-676.77		168.07
893.40	16772.12	-557.09		192.85
893.60	17101.76	-638.56		363.36
893.80	17390.40	-922.40		703.69
894.00	17619.47	-1350.14	1172.80
894.20	17778.77	-1838.32	1701.94
894.40	17870.96	-2289.87	2214.88
894.60	17914.33	-2634.33	2621.03
894.80	17987.41	-2796.24	2835.55
895.00	18174.01	-2766.76	2880.21
895.20	18510.06	-2639.39	2891.26
895.40	18951.73	-2474.46	2921.78
895.60	19423.31	-2281.69	2879.59
895.80	19916.85	-2003.58	2724.28
896.00	20406.22	-1610.21	2477.14
896.20	20897.21	-1062.39	2216.85
896.40	21411.46	-361.37		2098.32
896.60	21918.36	438.63		2276.49
896.80	22384.58	1267.95		2789.05
897.00	22757.81	1968.33		3577.80
897.20	23012.10	2434.37		4532.29
897.40	23147.42	2730.55		5649.31
897.60	23173.30	2894.26		6796.15
897.80	23123.48	2970.33		7828.22
898.00	22922.30	3025.98		8728.80
898.20	22497.19	3089.71		9495.63
898.40	21834.01	3153.63		10231.98
898.60	20993.02	3208.53		11080.23
898.80	20166.57	3235.99		12033.56
899.00	19580.38	3251.66		12959.47
899.20	19363.49	3270.36		13725.53
899.40	19361.60	3257.78		14404.89
899.60	19403.89	3205.19		15094.47
899.80	19440.13	3162.03		15781.79
