 700.0000 -.124919E+05 0.215842E+02 0.155671E+04
 700.2000 -.130813E+05 0.154930E+03 0.104697E+04
 700.4000 -.136599E+05 0.314103E+03 0.547828E+03
 700.6000 -.141718E+05 0.545344E+03 0.157404E+03
 700.8000 -.145902E+05 0.843753E+03 -.412099E+02
 701.0000 -.149350E+05 0.115800E+04 -.362757E+02
 701.2000 -.152375E+05 0.143116E+04 0.162507E+03
 701.4000 -.155545E+05 0.162412E+04 0.542568E+03
 701.6000 -.159447E+05 0.171312E+04 0.103159E+04
 701.8000 -.164306E+05 0.168006E+04 0.149990E+04
 702.0000 -.170144E+05 0.152301E+04 0.185635E+04
 702.2000 -.176553E+05 0.130429E+04 0.209961E+04
 702.4000 -.182836E+05 0.110683E+04 0.229300E+04
 702.6000 -.188230E+05 0.957324E+03 0.252029E+04
 702.8000 -.191914E+05 0.837711E+03 0.281240E+04
 703.0000 -.193304E+05 0.732876E+03 0.316184E+04
 703.2000 -.192227E+05 0.643579E+03 0.350234E+04
 703.4000 -.188982E+05 0.590031E+03 0.374489E+04
 703.6000 -.184585E+05 0.598199E+03 0.381611E+04
 703.8000 -.180123E+05 0.698085E+03 0.368659E+04
 704.0000 -.176038E+05 0.894365E+03 0.344975E+04
 704.2000 -.172651E+05 0.120235E+04 0.323869E+04
 704.4000 -.170286E+05 0.164986E+04 0.312509E+04
 704.6000 -.169144E+05 0.228456E+04 0.311104E+04
 704.8000 -.169274E+05 0.309316E+04 0.317137E+04
 705.0000 -.170321E+05 0.399268E+04 0.325891E+04
 705.2000 -.171745E+05 0.486932E+04 0.329752E+04
 705.4000 -.173273E+05 0.564584E+04 0.322981E+04
 705.6000 -.174674E+05 0.628589E+04 0.304634E+04
 705.8000 -.175781E+05 0.678354E+04 0.276794E+04
 706.0000 -.176272E+05 0.712299E+04 0.245854E+04
 706.2000 -.175971E+05 0.725855E+04 0.221390E+04
 706.4000 -.175355E+05 0.712312E+04 0.210038E+04
 706.6000 -.174972E+05 0.669030E+04 0.206707E+04
 706.8000 -.175382E+05 0.598962E+04 0.197179E+04
 707.0000 -.176999E+05 0.512252E+04 0.174672E+04
 707.2000 -.179952E+05 0.427384E+04 0.148543E+04
 707.4000 -.184260E+05 0.362612E+04 0.129934E+04
 707.6000 -.189705E+05 0.321811E+04 0.117489E+04
 707.8000 -.195514E+05 0.296316E+04 0.104431E+04
 708.0000 -.200625E+05 0.278913E+04 0.904065E+03
 708.2000 -.204275E+05 0.263078E+04 0.797443E+03
 708.4000 -.206302E+05 0.245560E+04 0.726494E+03
 708.6000 -.207028E+05 0.225473E+04 0.667297E+03
 708.8000 -.206872E+05 0.201867E+04 0.599338E+03
 709.0000 -.206187E+05 0.169522E+04 0.519537E+03
 709.2000 -.205439E+05 0.123747E+04 0.437458E+03
 709.4000 -.204777E+05 0.666575E+03 0.398150E+03
 709.6000 -.204286E+05 0.411794E+02 0.423862E+03
 709.8000 -.204167E+05 -.587419E+03 0.477848E+03
 710.0000 -.204386E+05 -.116368E+04 0.467238E+03
 710.2000 -.204733E+05 -.163698E+04 0.362442E+03
 710.4000 -.205107E+05 -.198872E+04 0.215472E+03
 710.6000 -.205605E+05 -.221787E+04 0.436293E+02
 710.8000 -.206442E+05 -.232603E+04 -.157824E+03
 711.0000 -.207655E+05 -.233173E+04 -.353658E+03
 711.2000 -.209061E+05 -.226041E+04 -.475948E+03
 711.4000 -.210707E+05 -.213373E+04 -.460528E+03
 711.6000 -.212691E+05 -.197610E+04 -.284077E+03
 711.8000 -.215049E+05 -.182738E+04 0.422491E+02
 712.0000 -.217804E+05 -.170671E+04 0.493825E+03
 712.2000 -.220785E+05 -.157045E+04 0.101940E+04
 712.4000 -.223781E+05 -.135871E+04 0.157733E+04
 712.6000 -.226629E+05 -.103085E+04 0.215858E+04
 712.8000 -.229055E+05 -.553738E+03 0.277724E+04
 713.0000 -.231151E+05 0.784927E+02 0.344698E+04
 713.2000 -.233327E+05 0.848666E+03 0.414610E+04
 713.4000 -.235953E+05 0.171158E+04 0.482380E+04
 713.6000 -.239536E+05 0.258620E+04 0.540006E+04
 713.8000 -.244667E+05 0.336774E+04 0.581325E+04
 714.0000 -.251895E+05 0.395500E+04 0.605016E+04
 714.2000 -.261595E+05 0.430962E+04 0.615961E+04
 714.4000 -.273035E+05 0.447532E+04 0.622508E+04
 714.6000 -.284925E+05 0.454095E+04 0.633238E+04
 714.8000 -.296555E+05 0.458743E+04 0.654928E+04
 715.0000 -.308134E+05 0.463718E+04 0.690915E+04
 715.2000 -.320059E+05 0.466132E+04 0.738408E+04
 715.4000 -.332571E+05 0.462636E+04 0.792259E+04
 715.6000 -.345169E+05 0.452981E+04 0.846812E+04
 715.8000 -.356674E+05 0.442779E+04 0.900088E+04
 716.0000 -.366177E+05 0.436106E+04 0.950901E+04
 716.2000 -.373258E+05 0.433563E+04 0.996163E+04
 716.4000 -.378057E+05 0.432738E+04 0.102950E+05
 716.6000 -.381246E+05 0.425890E+04 0.104243E+05
 716.8000 -.383667E+05 0.404240E+04 0.103236E+05
 717.0000 -.385364E+05 0.366901E+04 0.100316E+05
 717.2000 -.385440E+05 0.320126E+04 0.959403E+04
 717.4000 -.383441E+05 0.269329E+04 0.910425E+04
 717.6000 -.380396E+05 0.210459E+04 0.864108E+04
 717.8000 -.377573E+05 0.139027E+04 0.821719E+04
 718.0000 -.375510E+05 0.571205E+03 0.779166E+04
 718.2000 -.373620E+05 -.290401E+03 0.730420E+04
 718.4000 -.370090E+05 -.110378E+04 0.673676E+04
 718.6000 -.363197E+05 -.178707E+04 0.611894E+04
 718.8000 -.352888E+05 -.230533E+04 0.549111E+04
 719.0000 -.340598E+05 -.265993E+04 0.487853E+04
 719.2000 -.328003E+05 -.286435E+04 0.428760E+04
 719.4000 -.316534E+05 -.294706E+04 0.372269E+04
 719.6000 -.307332E+05 -.295786E+04 0.319916E+04
 719.8000 -.301288E+05 -.292557E+04 0.273907E+04
 720.0000 -.298995E+05 -.285353E+04 0.235438E+04
 720.2000 -.300138E+05 -.273374E+04 0.204872E+04
 720.4000 -.303376E+05 -.256649E+04 0.181906E+04
 720.6000 -.306859E+05 -.234623E+04 0.163113E+04
 720.8000 -.309151E+05 -.207130E+04 0.144572E+04
 721.0000 -.309246E+05 -.174790E+04 0.126621E+04
 721.2000 -.306702E+05 -.139665E+04 0.112910E+04
 721.4000 -.301828E+05 -.106740E+04 0.109551E+04
 721.6000 -.295365E+05 -.787114E+03 0.120222E+04
 721.8000 -.288255E+05 -.552834E+03 0.144258E+04
 722.0000 -.281538E+05 -.362151E+03 0.177960E+04
 722.2000 -.275822E+05 -.235755E+03 0.212130E+04
 722.4000 -.271537E+05 -.197695E+03 0.237903E+04
 722.6000 -.268941E+05 -.228053E+03 0.245409E+04
 722.8000 -.267573E+05 -.276820E+03 0.227226E+04
 723.0000 -.266407E+05 -.314696E+03 0.184171E+04
 723.2000 -.264492E+05 -.340829E+03 0.128394E+04
 723.4000 -.261410E+05 -.344082E+03 0.790859E+03
 723.6000 -.257293E+05 -.313857E+03 0.504881E+03
 723.8000 -.252298E+05 -.274507E+03 0.437898E+03
 724.0000 -.246738E+05 -.280854E+03 0.537107E+03
 724.2000 -.241680E+05 -.407358E+03 0.771388E+03
 724.4000 -.238235E+05 -.660136E+03 0.110623E+04
 724.6000 -.237067E+05 -.959392E+03 0.151696E+04
 724.8000 -.238563E+05 -.123413E+04 0.197210E+04
 725.0000 -.241943E+05 -.144967E+04 0.235374E+04
 725.2000 -.245971E+05 -.160006E+04 0.258504E+04
 725.4000 -.249947E+05 -.170632E+04 0.269032E+04
 725.6000 -.253404E+05 -.180402E+04 0.271977E+04
 725.8000 -.255775E+05 -.192703E+04 0.273368E+04
 726.0000 -.256086E+05 -.211318E+04 0.274941E+04
 726.2000 -.253528E+05 -.237078E+04 0.273720E+04
 726.4000 -.248415E+05 -.266258E+04 0.268309E+04
 726.6000 -.242266E+05 -.294637E+04 0.261843E+04
 726.8000 -.237022E+05 -.322516E+04 0.260213E+04
 727.0000 -.234180E+05 -.351201E+04 0.267258E+04
 727.2000 -.233967E+05 -.377566E+04 0.286227E+04
 727.4000 -.235781E+05 -.398720E+04 0.320667E+04
 727.6000 -.238634E+05 -.413661E+04 0.370589E+04
 727.8000 -.241210E+05 -.425461E+04 0.430275E+04
 728.0000 -.242576E+05 -.442370E+04 0.488649E+04
 728.2000 -.242665E+05 -.456501E+04 0.540615E+04
 728.4000 -.242264E+05 -.454154E+04 0.574225E+04
 728.6000 -.243816E+05 -.412028E+04 0.572027E+04
 728.8000 -.248719E+05 -.303928E+04 0.551993E+04
 729.0000 -.255173E+05 -.159809E+04 0.540308E+04
 729.2000 -.261717E+05 -.138188E+03 0.544830E+04
 729.4000 -.267418E+05 0.113186E+04 0.564620E+04
 729.6000 -.271772E+05 0.219082E+04 0.596509E+04
 729.8000 -.274361E+05 0.313423E+04 0.635628E+04
 730.0000 -.274742E+05 0.399544E+04 0.671000E+04
 730.2000 -.273189E+05 0.476819E+04 0.692947E+04
 730.4000 -.270679E+05 0.545458E+04 0.698811E+04
 730.6000 -.268261E+05 0.608915E+04 0.692207E+04
 730.8000 -.266621E+05 0.672612E+04 0.683113E+04
 731.0000 -.265765E+05 0.736797E+04 0.676058E+04
 731.2000 -.265232E+05 0.791812E+04 0.675026E+04
 731.4000 -.265022E+05 0.826444E+04 0.686762E+04
 731.6000 -.265353E+05 0.834144E+04 0.710572E+04
 731.8000 -.266211E+05 0.818974E+04 0.732930E+04
 732.0000 -.267769E+05 0.787747E+04 0.742314E+04
 732.2000 -.269852E+05 0.750560E+04 0.732373E+04
 732.4000 -.271845E+05 0.718449E+04 0.702863E+04
 732.6000 -.273460E+05 0.688997E+04 0.660379E+04
 732.8000 -.274389E+05 0.654101E+04 0.611891E+04
 733.0000 -.274562E+05 0.610200E+04 0.561981E+04
 733.2000 -.273964E+05 0.559836E+04 0.508088E+04
 733.4000 -.272054E+05 0.504672E+04 0.447094E+04
 733.6000 -.268297E+05 0.448521E+04 0.380755E+04
 733.8000 -.262762E+05 0.399258E+04 0.312090E+04
 734.0000 -.256063E+05 0.361033E+04 0.247012E+04
 734.2000 -.249086E+05 0.329278E+04 0.191827E+04
 734.4000 -.242349E+05 0.295684E+04 0.149309E+04
 734.6000 -.235836E+05 0.251823E+04 0.118793E+04
 734.8000 -.229754E+05 0.194463E+04 0.978338E+03
 735.0000 -.224560E+05 0.131338E+04 0.910209E+03
 735.2000 -.220935E+05 0.785483E+03 0.102052E+04
 735.4000 -.219447E+05 0.479852E+03 0.130289E+04
 735.6000 -.219964E+05 0.407706E+03 0.166264E+04
 735.8000 -.221801E+05 0.478807E+03 0.192315E+04
 736.0000 -.224230E+05 0.546848E+03 0.198603E+04
 736.2000 -.227162E+05 0.502041E+03 0.183750E+04
 736.4000 -.231055E+05 0.328987E+03 0.150217E+04
 736.6000 -.236405E+05 0.539125E+02 0.108921E+04
 736.8000 -.243634E+05 -.308503E+03 0.789078E+03
 737.0000 -.252739E+05 -.700462E+03 0.738568E+03
 737.2000 -.262843E+05 -.103259E+04 0.969999E+03
 737.4000 -.272795E+05 -.125271E+04 0.144952E+04
 737.6000 -.281640E+05 -.133383E+04 0.209381E+04
 737.8000 -.288581E+05 -.130162E+04 0.275113E+04
 738.0000 -.293062E+05 -.125851E+04 0.327084E+04
 738.2000 -.294890E+05 -.127747E+04 0.357616E+04
 738.4000 -.294375E+05 -.128375E+04 0.366806E+04
 738.6000 -.292349E+05 -.112916E+04 0.363318E+04
 738.8000 -.289769E+05 -.775123E+03 0.350900E+04
 739.0000 -.287497E+05 -.332317E+03 0.318884E+04
 739.2000 -.286130E+05 0.808880E+02 0.264486E+04
 739.4000 -.285993E+05 0.380846E+03 0.195885E+04
 739.6000 -.287145E+05 0.511385E+03 0.120926E+04
 739.8000 -.289282E+05 0.456051E+03 0.513063E+03
 740.0000 -.291699E+05 0.221771E+03 -.630615E+02
 740.2000 -.293373E+05 -.131610E+03 -.544827E+03
 740.4000 -.293884E+05 -.520780E+03 -.896509E+03
 740.6000 -.293412E+05 -.869783E+03 -.102245E+04
 740.8000 -.292140E+05 -.112853E+04 -.894726E+03
 741.0000 -.290196E+05 -.129104E+04 -.546761E+03
 741.2000 -.287669E+05 -.141492E+04 -.364264E+02
 741.4000 -.284685E+05 -.155670E+04 0.530463E+03
 741.6000 -.281346E+05 -.174966E+04 0.102240E+04
 741.8000 -.278062E+05 -.200765E+04 0.132887E+04
 742.0000 -.275462E+05 -.231348E+04 0.139371E+04
 742.2000 -.274442E+05 -.265055E+04 0.128379E+04
 742.4000 -.275494E+05 -.300294E+04 0.120642E+04
 742.6000 -.277987E+05 -.334370E+04 0.127808E+04
 742.8000 -.280662E+05 -.362150E+04 0.148345E+04
 743.0000 -.282735E+05 -.380955E+04 0.173583E+04
 743.2000 -.284303E+05 -.390690E+04 0.195220E+04
 743.4000 -.286141E+05 -.394786E+04 0.206318E+04
 743.6000 -.288849E+05 -.397773E+04 0.204005E+04
 743.8000 -.292680E+05 -.401143E+04 0.191411E+04
 744.0000 -.297598E+05 -.406475E+04 0.177231E+04
 744.2000 -.302911E+05 -.413773E+04 0.165990E+04
 744.4000 -.307286E+05 -.417030E+04 0.159642E+04
 744.6000 -.309970E+05 -.410306E+04 0.160513E+04
 744.8000 -.311252E+05 -.393885E+04 0.173405E+04
 745.0000 -.311622E+05 -.371480E+04 0.204882E+04
 745.2000 -.311881E+05 -.344654E+04 0.256193E+04
 745.4000 -.312843E+05 -.313677E+04 0.320013E+04
 745.6000 -.314672E+05 -.283052E+04 0.383832E+04
 745.8000 -.317571E+05 -.258353E+04 0.436098E+04
 746.0000 -.322102E+05 -.242020E+04 0.473463E+04
 746.2000 -.328392E+05 -.234361E+04 0.499029E+04
 746.4000 -.336133E+05 -.233608E+04 0.517675E+04
 746.6000 -.344473E+05 -.237179E+04 0.532682E+04
 746.8000 -.352384E+05 -.243198E+04 0.544756E+04
 747.0000 -.358812E+05 -.251500E+04 0.552844E+04
 747.2000 -.363033E+05 -.262426E+04 0.556056E+04
 747.4000 -.364615E+05 -.275884E+04 0.555874E+04
 747.6000 -.363814E+05 -.292984E+04 0.555897E+04
 747.8000 -.361773E+05 -.315129E+04 0.560003E+04
 748.0000 -.359863E+05 -.342007E+04 0.569474E+04
 748.2000 -.358318E+05 -.365851E+04 0.581325E+04
 748.4000 -.356886E+05 -.380102E+04 0.592837E+04
 748.6000 -.355402E+05 -.382971E+04 0.599360E+04
 748.8000 -.353707E+05 -.372986E+04 0.594209E+04
 749.0000 -.351674E+05 -.346175E+04 0.569335E+04
 749.2000 -.349212E+05 -.301187E+04 0.520162E+04
 749.4000 -.346223E+05 -.241563E+04 0.447880E+04
 749.6000 -.342407E+05 -.173790E+04 0.357181E+04
 749.8000 -.337715E+05 -.101747E+04 0.256147E+04
 750.0000 -.332655E+05 -.286642E+03 0.153661E+04
 750.2000 -.327692E+05 0.397130E+03 0.562528E+03
 750.4000 -.322827E+05 0.968375E+03 -.300014E+03
 750.6000 -.317453E+05 0.141586E+04 -.101947E+04
 750.8000 -.310896E+05 0.172338E+04 -.160118E+04
 751.0000 -.303104E+05 0.187385E+04 -.206130E+04
 751.2000 -.294668E+05 0.187458E+04 -.240880E+04
 751.4000 -.286633E+05 0.172624E+04 -.262752E+04
 751.6000 -.280049E+05 0.143044E+04 -.270261E+04
 751.8000 -.275686E+05 0.980483E+03 -.269275E+04
 752.0000 -.273771E+05 0.404079E+03 -.267475E+04
 752.2000 -.274131E+05 -.253968E+03 -.269498E+04
 752.4000 -.276193E+05 -.941932E+03 -.272272E+04
 752.6000 -.278911E+05 -.160103E+04 -.270377E+04
 752.8000 -.281392E+05 -.217483E+04 -.258901E+04
 753.0000 -.283014E+05 -.264064E+04 -.232671E+04
 753.2000 -.283375E+05 -.299968E+04 -.186069E+04
 753.4000 -.282532E+05 -.323469E+04 -.119726E+04
 753.6000 -.280890E+05 -.335473E+04 -.444934E+03
 753.8000 -.279713E+05 -.338045E+04 0.215277E+03
 754.0000 -.280366E+05 -.330209E+04 0.645070E+03
 754.2000 -.283395E+05 -.312818E+04 0.786932E+03
 754.4000 -.288629E+05 -.289041E+04 0.679804E+03
 754.6000 -.295283E+05 -.262085E+04 0.419267E+03
 754.8000 -.302202E+05 -.229183E+04 0.909364E+02
 755.0000 -.308357E+05 -.189826E+04 -.218965E+03
 755.2000 -.313041E+05 -.150512E+04 -.434360E+03
 755.4000 -.316244E+05 -.118056E+04 -.515595E+03
 755.6000 -.318459E+05 -.969846E+03 -.501236E+03
 755.8000 -.319780E+05 -.825801E+03 -.502421E+03
 756.0000 -.319541E+05 -.678925E+03 -.589128E+03
 756.2000 -.317142E+05 -.541119E+03 -.751534E+03
 756.4000 -.312341E+05 -.491136E+03 -.921986E+03
 756.6000 -.305222E+05 -.579442E+03 -.103020E+04
 756.8000 -.296032E+05 -.757303E+03 -.104403E+04
 757.0000 -.285684E+05 -.972037E+03 -.943117E+03
 757.2000 -.276210E+05 -.116594E+04 -.758208E+03
 757.4000 -.269254E+05 -.128813E+04 -.522834E+03
 757.6000 -.265467E+05 -.131555E+04 -.269505E+03
 757.8000 -.264306E+05 -.123630E+04 -.231778E+02
 758.0000 -.264767E+05 -.108104E+04 0.198106E+03
 758.2000 -.265777E+05 -.928849E+03 0.381256E+03
 758.4000 -.267075E+05 -.852862E+03 0.524171E+03
 758.6000 -.268822E+05 -.894998E+03 0.633032E+03
 758.8000 -.270555E+05 -.103345E+04 0.693768E+03
 759.0000 -.271615E+05 -.116305E+04 0.628092E+03
 759.2000 -.271808E+05 -.121137E+04 0.413443E+03
 759.4000 -.271044E+05 -.118678E+04 0.103721E+03
 759.6000 -.269087E+05 -.114334E+04 -.237825E+03
 759.8000 -.265514E+05 -.114388E+04 -.572551E+03
 760.0000 -.260364E+05 -.125862E+04 -.883392E+03
 760.2000 -.254713E+05 -.151222E+04 -.113843E+04
 760.4000 -.250459E+05 -.183411E+04 -.130848E+04
 760.6000 -.249042E+05 -.209653E+04 -.140240E+04
 760.8000 -.250707E+05 -.221967E+04 -.140812E+04
 761.0000 -.254265E+05 -.216669E+04 -.131781E+04
 761.2000 -.257516E+05 -.192335E+04 -.117951E+04
 761.4000 -.258650E+05 -.150623E+04 -.105951E+04
 761.6000 -.257145E+05 -.991272E+03 -.953904E+03
 761.8000 -.253722E+05 -.450177E+03 -.846608E+03
 762.0000 -.249319E+05 0.998403E+02 -.715879E+03
 762.2000 -.244993E+05 0.564297E+03 -.466661E+03
 762.4000 -.241451E+05 0.804245E+03 -.440626E+02
 762.6000 -.238760E+05 0.799020E+03 0.465980E+03
 762.8000 -.236402E+05 0.640785E+03 0.960385E+03
 763.0000 -.234253E+05 0.463231E+03 0.125940E+04
 763.2000 -.232945E+05 0.327531E+03 0.125632E+04
 763.4000 -.232654E+05 0.119951E+03 0.115407E+04
 763.6000 -.233569E+05 -.257414E+03 0.116310E+04
 763.8000 -.235847E+05 -.636610E+03 0.125607E+04
 764.0000 -.239160E+05 -.813565E+03 0.133646E+04
 764.2000 -.242427E+05 -.822838E+03 0.140238E+04
 764.4000 -.244520E+05 -.767773E+03 0.144743E+04
 764.6000 -.244900E+05 -.687917E+03 0.143824E+04
 764.8000 -.243889E+05 -.567026E+03 0.135359E+04
 765.0000 -.242125E+05 -.389371E+03 0.127440E+04
 765.2000 -.239898E+05 -.155808E+03 0.134286E+04
 765.4000 -.237608E+05 0.115047E+03 0.152626E+04
 765.6000 -.235862E+05 0.425001E+03 0.174007E+04
 765.8000 -.235129E+05 0.719856E+03 0.202703E+04
 766.0000 -.235563E+05 0.954012E+03 0.236240E+04
 766.2000 -.236872E+05 0.107645E+04 0.266234E+04
 766.4000 -.238311E+05 0.101211E+04 0.285306E+04
 766.6000 -.239289E+05 0.709045E+03 0.298483E+04
 766.8000 -.239895E+05 0.270428E+03 0.306499E+04
 767.0000 -.240015E+05 -.178025E+03 0.301933E+04
 767.2000 -.238946E+05 -.546372E+03 0.284110E+04
 767.4000 -.235471E+05 -.849171E+03 0.267002E+04
 767.6000 -.229508E+05 -.107435E+04 0.251290E+04
 767.8000 -.221995E+05 -.116658E+04 0.229181E+04
 768.0000 -.214298E+05 -.106472E+04 0.193305E+04
 768.2000 -.207319E+05 -.805102E+03 0.155882E+04
 768.4000 -.200531E+05 -.474291E+03 0.133286E+04
 768.6000 -.193375E+05 -.922023E+02 0.118359E+04
 768.8000 -.186128E+05 0.405582E+03 0.948298E+03
 769.0000 -.178707E+05 0.111851E+04 0.669316E+03
 769.2000 -.171230E+05 0.200756E+04 0.501632E+03
 769.4000 -.163973E+05 0.292125E+04 0.544917E+03
 769.6000 -.156126E+05 0.365636E+04 0.776924E+03
 769.8000 -.146911E+05 0.411025E+04 0.911754E+03
 770.0000 -.135328E+05 0.429318E+04 0.773830E+03
 770.2000 -.120541E+05 0.425000E+04 0.461797E+03
 770.4000 -.103524E+05 0.401497E+04 0.140958E+03
 770.6000 -.879986E+04 0.375611E+04 -.204583E+02
 770.8000 -.780114E+04 0.373332E+04 -.471260E+02
 771.0000 -.718922E+04 0.393327E+04 0.167576E+02
 771.2000 -.666069E+04 0.414635E+04 0.122547E+03
 771.4000 -.626448E+04 0.408655E+04 0.363402E+03
 771.6000 -.597281E+04 0.374629E+04 0.743128E+03
 771.8000 -.579803E+04 0.330667E+04 0.117697E+04
 772.0000 -.563375E+04 0.289931E+04 0.149752E+04
 772.2000 -.547765E+04 0.260003E+04 0.156179E+04
 772.4000 -.521886E+04 0.225731E+04 0.169388E+04
 772.6000 -.489811E+04 0.190333E+04 0.178514E+04
 772.8000 -.458542E+04 0.155374E+04 0.172024E+04
 773.0000 -.417445E+04 0.118626E+04 0.156747E+04
 773.2000 -.365346E+04 0.923525E+03 0.132861E+04
 773.4000 -.322247E+04 0.917527E+03 0.106348E+04
 773.6000 -.289387E+04 0.923756E+03 0.858925E+03
 773.8000 -.267383E+04 0.846763E+03 0.662933E+03
 774.0000 -.256011E+04 0.920532E+03 0.470435E+03
 774.2000 -.244228E+04 0.116363E+04 0.341089E+03
 774.4000 -.226431E+04 0.143275E+04 0.248173E+03
 774.6000 -.212692E+04 0.169112E+04 0.128289E+03
 774.8000 -.204139E+04 0.197970E+04 -.439304E+00
 775.0000 -.200018E+04 0.220846E+04 -.130591E+03
 775.2000 -.178802E+04 0.219145E+04 -.254016E+03
 775.4000 -.147822E+04 0.209270E+04 -.394373E+03
 775.6000 -.137375E+04 0.206391E+04 -.466368E+03
 775.8000 -.146838E+04 0.221141E+04 -.457925E+03
 776.0000 -.142608E+04 0.221112E+04 -.402520E+03
 776.2000 -.115080E+04 0.211372E+04 -.230217E+03
 776.4000 -.855998E+03 0.193785E+04 -.263978E+02
 776.6000 -.498564E+03 0.176601E+04 0.155088E+03
 776.8000 -.165678E+03 0.164542E+04 0.245994E+03
 777.0000 -.149230E+02 0.153259E+04 0.371896E+03
 777.2000 0.270690E+03 0.141237E+04 0.372586E+03
 777.4000 0.547381E+03 0.127085E+04 0.276110E+03
 777.6000 0.773528E+03 0.106460E+04 0.128883E+03
 777.8000 0.888951E+03 0.895918E+03 -.623154E+02
 778.0000 0.981337E+03 0.708639E+03 -.154982E+03
 778.2000 0.103847E+04 0.470338E+03 -.226329E+03
 778.4000 0.104150E+04 0.167220E+03 -.310092E+03
 778.6000 0.981810E+03 -.987632E+02 -.351966E+03
 778.8000 0.810566E+03 -.327043E+03 -.397468E+03
 779.0000 0.659516E+03 -.497994E+03 -.447511E+03
 779.2000 0.483321E+03 -.651784E+03 -.499556E+03
 779.4000 0.355914E+03 -.809378E+03 -.540676E+03
 779.6000 0.295152E+03 -.930632E+03 -.590367E+03
 779.8000 0.177301E+03 -.108529E+04 -.623473E+03
 780.0000 0.547611E+02 -.122669E+04 -.657736E+03
 780.2000 0.101349E+02 -.139798E+04 -.654379E+03
 780.4000 0.210681E+03 -.170782E+04 -.668109E+03
 780.6000 0.569927E+03 -.211647E+04 -.655149E+03
 780.8000 0.113202E+04 -.262053E+04 -.530149E+03
 781.0000 0.167508E+04 -.306149E+04 -.409812E+03
 781.2000 0.200292E+04 -.334481E+04 -.407405E+03
 781.4000 0.209352E+04 -.363203E+04 -.377818E+03
 781.6000 0.197354E+04 -.373856E+04 -.407274E+03
 781.8000 0.174120E+04 -.345673E+04 -.546544E+03
 782.0000 0.153552E+04 -.327351E+04 -.354338E+03
 782.2000 0.145162E+04 -.313907E+04 0.116077E+03
 782.4000 0.136638E+04 -.289511E+04 0.555309E+03
 782.6000 0.132465E+04 -.271923E+04 0.888721E+03
 782.8000 0.143141E+04 -.250554E+04 0.124744E+04
 783.0000 0.158722E+04 -.221166E+04 0.160816E+04
 783.2000 0.176679E+04 -.201894E+04 0.191657E+04
 783.4000 0.197999E+04 -.194736E+04 0.229647E+04
 783.6000 0.226898E+04 -.185473E+04 0.259312E+04
 783.8000 0.264177E+04 -.148303E+04 0.289473E+04
 784.0000 0.301742E+04 -.889257E+03 0.325038E+04
 784.2000 0.344822E+04 -.152215E+03 0.338764E+04
 784.4000 0.400295E+04 0.453636E+03 0.344137E+04
 784.6000 0.461836E+04 0.799299E+03 0.358885E+04
 784.8000 0.513441E+04 0.999606E+03 0.375016E+04
 785.0000 0.553519E+04 0.113336E+04 0.385499E+04
 785.2000 0.589517E+04 0.119755E+04 0.390661E+04
 785.4000 0.629808E+04 0.119098E+04 0.390224E+04
 785.6000 0.676670E+04 0.105648E+04 0.395152E+04
 785.8000 0.728110E+04 0.772477E+03 0.416402E+04
 786.0000 0.780272E+04 0.412599E+03 0.443513E+04
 786.2000 0.824789E+04 0.142030E+03 0.460117E+04
 786.4000 0.858474E+04 0.539520E+02 0.460919E+04
 786.6000 0.882575E+04 0.218469E+03 0.446443E+04
 786.8000 0.896026E+04 0.608535E+03 0.430559E+04
 787.0000 0.894176E+04 0.116100E+04 0.423204E+04
 787.2000 0.866665E+04 0.175339E+04 0.419933E+04
 787.4000 0.817743E+04 0.217208E+04 0.415139E+04
 787.6000 0.771375E+04 0.223860E+04 0.413368E+04
 787.8000 0.744167E+04 0.193547E+04 0.404086E+04
 788.0000 0.751375E+04 0.161013E+04 0.374942E+04
 788.2000 0.804358E+04 0.138414E+04 0.329862E+04
 788.4000 0.878576E+04 0.113124E+04 0.299958E+04
 788.6000 0.954516E+04 0.834741E+03 0.288530E+04
 788.8000 0.101180E+05 0.416962E+03 0.281449E+04
 789.0000 0.104170E+05 -.365205E+02 0.278171E+04
 789.2000 0.104500E+05 -.427036E+03 0.281809E+04
 789.4000 0.102655E+05 -.799261E+03 0.295071E+04
 789.6000 0.991800E+04 -.977140E+03 0.315346E+04
 789.8000 0.946421E+04 -.745958E+03 0.341825E+04
 790.0000 0.893491E+04 -.316918E+03 0.386213E+04
 790.2000 0.837159E+04 0.723080E+02 0.430754E+04
 790.4000 0.775781E+04 0.401987E+03 0.476318E+04
 790.6000 0.719783E+04 0.767054E+03 0.518708E+04
 790.8000 0.678290E+04 0.120898E+04 0.548414E+04
 791.0000 0.663523E+04 0.159104E+04 0.559646E+04
 791.2000 0.682626E+04 0.169860E+04 0.553672E+04
 791.4000 0.704254E+04 0.165911E+04 0.537316E+04
 791.6000 0.753056E+04 0.187326E+04 0.505912E+04
 791.8000 0.856732E+04 0.232072E+04 0.470576E+04
 792.0000 0.977165E+04 0.274731E+04 0.413219E+04
 792.2000 0.108351E+05 0.304130E+04 0.328427E+04
 792.4000 0.117755E+05 0.344743E+04 0.224565E+04
 792.6000 0.126526E+05 0.409047E+04 0.113321E+04
 792.8000 0.134444E+05 0.478457E+04 -.307546E+02
 793.0000 0.141617E+05 0.537576E+04 -.118115E+04
 793.2000 0.147506E+05 0.585586E+04 -.222552E+04
 793.4000 0.151547E+05 0.623552E+04 -.315469E+04
 793.6000 0.153279E+05 0.655312E+04 -.403378E+04
 793.8000 0.152352E+05 0.682011E+04 -.486841E+04
 794.0000 0.148489E+05 0.701642E+04 -.560734E+04
 794.2000 0.141897E+05 0.704723E+04 -.625263E+04
 794.4000 0.133712E+05 0.679867E+04 -.670459E+04
 794.6000 0.124862E+05 0.639907E+04 -.688256E+04
 794.8000 0.115313E+05 0.596854E+04 -.682094E+04
 795.0000 0.104934E+05 0.545513E+04 -.656166E+04
 795.2000 0.946048E+04 0.486240E+04 -.606461E+04
 795.4000 0.861212E+04 0.422065E+04 -.535427E+04
 795.6000 0.804800E+04 0.355373E+04 -.458196E+04
 795.8000 0.775577E+04 0.291615E+04 -.401353E+04
 796.0000 0.765938E+04 0.247411E+04 -.369149E+04
 796.2000 0.778049E+04 0.223413E+04 -.334137E+04
 796.4000 0.815745E+04 0.217000E+04 -.294078E+04
 796.6000 0.875288E+04 0.208470E+04 -.258935E+04
 796.8000 0.947818E+04 0.185038E+04 -.221772E+04
 797.0000 0.102691E+05 0.165287E+04 -.184081E+04
 797.2000 0.110687E+05 0.154555E+04 -.152137E+04
 797.4000 0.118023E+05 0.150150E+04 -.128255E+04
 797.6000 0.125196E+05 0.150523E+04 -.110274E+04
 797.8000 0.132751E+05 0.151101E+04 -.908886E+03
 798.0000 0.138793E+05 0.152028E+04 -.654646E+03
 798.2000 0.142166E+05 0.156364E+04 -.373647E+03
 798.4000 0.143547E+05 0.170307E+04 -.233506E+03
 798.6000 0.142951E+05 0.189534E+04 -.210439E+03
 798.8000 0.142558E+05 0.192708E+04 -.770143E+02
 799.0000 0.144350E+05 0.165045E+04 0.143467E+03
 799.2000 0.149235E+05 0.125125E+04 0.342799E+03
 799.4000 0.156739E+05 0.883955E+03 0.562556E+03
 799.6000 0.165518E+05 0.599983E+03 0.859228E+03
 799.8000 0.174209E+05 0.416004E+03 0.127109E+04
 800.0000 0.181422E+05 0.282467E+03 0.179873E+04
 800.2000 0.186448E+05 0.159610E+03 0.236566E+04
 800.4000 0.188947E+05 -.258111E+01 0.292406E+04
 800.6000 0.189147E+05 -.243697E+03 0.347158E+04
 800.8000 0.187355E+05 -.550794E+03 0.398908E+04
 801.0000 0.184385E+05 -.930916E+03 0.433980E+04
 801.2000 0.181249E+05 -.138241E+04 0.443125E+04
 801.4000 0.178519E+05 -.182376E+04 0.436907E+04
 801.6000 0.176154E+05 -.217751E+04 0.424290E+04
 801.8000 0.174148E+05 -.241128E+04 0.411652E+04
 802.0000 0.173059E+05 -.245473E+04 0.406310E+04
 802.2000 0.173059E+05 -.231919E+04 0.412934E+04
 802.4000 0.173561E+05 -.206315E+04 0.432099E+04
 802.6000 0.173517E+05 -.171772E+04 0.467022E+04
 802.8000 0.171884E+05 -.134067E+04 0.514652E+04
 803.0000 0.168565E+05 -.105470E+04 0.571456E+04
 803.2000 0.163997E+05 -.953886E+03 0.632072E+04
 803.4000 0.158980E+05 -.108095E+04 0.685475E+04
 803.6000 0.154546E+05 -.143358E+04 0.726245E+04
 803.8000 0.151892E+05 -.193922E+04 0.755126E+04
 804.0000 0.151789E+05 -.251454E+04 0.778545E+04
 804.2000 0.154227E+05 -.312968E+04 0.799600E+04
 804.4000 0.158866E+05 -.373472E+04 0.820248E+04
 804.6000 0.165243E+05 -.424958E+04 0.838258E+04
 804.8000 0.172481E+05 -.462004E+04 0.847536E+04
 805.0000 0.178980E+05 -.490679E+04 0.839105E+04
 805.2000 0.183252E+05 -.512693E+04 0.818704E+04
 805.4000 0.184277E+05 -.525873E+04 0.798010E+04
 805.6000 0.181914E+05 -.528326E+04 0.788821E+04
 805.8000 0.176662E+05 -.521451E+04 0.799878E+04
 806.0000 0.169920E+05 -.506697E+04 0.832698E+04
 806.2000 0.163492E+05 -.487389E+04 0.883869E+04
 806.4000 0.158750E+05 -.472131E+04 0.944947E+04
 806.6000 0.156561E+05 -.465886E+04 0.100840E+05
 806.8000 0.157287E+05 -.468658E+04 0.106340E+05
 807.0000 0.160363E+05 -.480750E+04 0.109200E+05
 807.2000 0.164029E+05 -.495821E+04 0.108942E+05
 807.4000 0.167107E+05 -.508729E+04 0.105890E+05
 807.6000 0.169917E+05 -.516707E+04 0.100610E+05
 807.8000 0.173263E+05 -.521457E+04 0.942063E+04
 808.0000 0.177599E+05 -.524506E+04 0.878587E+04
 808.2000 0.182805E+05 -.527050E+04 0.823901E+04
 808.4000 0.188314E+05 -.530081E+04 0.785011E+04
 808.6000 0.193316E+05 -.535571E+04 0.767150E+04
 808.8000 0.197321E+05 -.543290E+04 0.766735E+04
 809.0000 0.200251E+05 -.550598E+04 0.775124E+04
 809.2000 0.202294E+05 -.552256E+04 0.779052E+04
 809.4000 0.203941E+05 -.544751E+04 0.766990E+04
 809.6000 0.205678E+05 -.528951E+04 0.735322E+04
 809.8000 0.207684E+05 -.509528E+04 0.688493E+04
 810.0000 0.209788E+05 -.489454E+04 0.636084E+04
 810.2000 0.211614E+05 -.466385E+04 0.586359E+04
 810.4000 0.212568E+05 -.436978E+04 0.543634E+04
 810.6000 0.211925E+05 -.402889E+04 0.511239E+04
 810.8000 0.209104E+05 -.371654E+04 0.487699E+04
 811.0000 0.204161E+05 -.353326E+04 0.468232E+04
 811.2000 0.197757E+05 -.352601E+04 0.449250E+04
 811.4000 0.190539E+05 -.365490E+04 0.429456E+04
 811.6000 0.182786E+05 -.383486E+04 0.406449E+04
 811.8000 0.174475E+05 -.400504E+04 0.377425E+04
 812.0000 0.165691E+05 -.409876E+04 0.340630E+04
 812.2000 0.156421E+05 -.403731E+04 0.297167E+04
 812.4000 0.146596E+05 -.379560E+04 0.252171E+04
 812.6000 0.136734E+05 -.339109E+04 0.212193E+04
 812.8000 0.127938E+05 -.288606E+04 0.183834E+04
 813.0000 0.121629E+05 -.238448E+04 0.173546E+04
 813.2000 0.118654E+05 -.200283E+04 0.183942E+04
 813.4000 0.118699E+05 -.182266E+04 0.211308E+04
 813.6000 0.121206E+05 -.180095E+04 0.247221E+04
 813.8000 0.126155E+05 -.191023E+04 0.283995E+04
 814.0000 0.133391E+05 -.213601E+04 0.317651E+04
 814.2000 0.141782E+05 -.241194E+04 0.346526E+04
 814.4000 0.149414E+05 -.262382E+04 0.371035E+04
 814.6000 0.155275E+05 -.271665E+04 0.393307E+04
 814.8000 0.159429E+05 -.274006E+04 0.415964E+04
 815.0000 0.162182E+05 -.272942E+04 0.440008E+04
 815.2000 0.164020E+05 -.264135E+04 0.466646E+04
 815.4000 0.165248E+05 -.243435E+04 0.496052E+04
 815.6000 0.165764E+05 -.213822E+04 0.526976E+04
 815.8000 0.165284E+05 -.181115E+04 0.558201E+04
 816.0000 0.163531E+05 -.150008E+04 0.587635E+04
 816.2000 0.160608E+05 -.125385E+04 0.612587E+04
 816.4000 0.157112E+05 -.105815E+04 0.631153E+04
 816.6000 0.153604E+05 -.867481E+03 0.643883E+04
 816.8000 0.150528E+05 -.642021E+03 0.645186E+04
 817.0000 0.148073E+05 -.331405E+03 0.624678E+04
 817.2000 0.146189E+05 0.545565E+02 0.584810E+04
 817.4000 0.144865E+05 0.430247E+03 0.541729E+04
 817.6000 0.144009E+05 0.735280E+03 0.513715E+04
 817.8000 0.143636E+05 0.939003E+03 0.506764E+04
 818.0000 0.143869E+05 0.102413E+04 0.512368E+04
 818.2000 0.144557E+05 0.101833E+04 0.520117E+04
 818.4000 0.145460E+05 0.958346E+03 0.521553E+04
 818.6000 0.146697E+05 0.848988E+03 0.508042E+04
 818.8000 0.148480E+05 0.687721E+03 0.475280E+04
 819.0000 0.150966E+05 0.478715E+03 0.426174E+04
 819.2000 0.154106E+05 0.252155E+03 0.366544E+04
 819.4000 0.157626E+05 0.748158E+02 0.304369E+04
 819.6000 0.161029E+05 -.170040E+01 0.247545E+04
 819.8000 0.163859E+05 0.443439E+02 0.195411E+04
 820.0000 0.165938E+05 0.202948E+03 0.141631E+04
 820.2000 0.167317E+05 0.454447E+03 0.812489E+03
 820.4000 0.168090E+05 0.734206E+03 0.198801E+03
 820.6000 0.168481E+05 0.958857E+03 -.307857E+03
 820.8000 0.168670E+05 0.106772E+04 -.643969E+03
 821.0000 0.168749E+05 0.104234E+04 -.808860E+03
 821.2000 0.168974E+05 0.924322E+03 -.849187E+03
 821.4000 0.169839E+05 0.777858E+03 -.821848E+03
 821.6000 0.171941E+05 0.662747E+03 -.775333E+03
 821.8000 0.175829E+05 0.612309E+03 -.764900E+03
 822.0000 0.181721E+05 0.618924E+03 -.820148E+03
 822.2000 0.189241E+05 0.687816E+03 -.927530E+03
 822.4000 0.197676E+05 0.798118E+03 -.106203E+04
 822.6000 0.206351E+05 0.890857E+03 -.121719E+04
 822.8000 0.214705E+05 0.950515E+03 -.139929E+04
 823.0000 0.222529E+05 0.985623E+03 -.156869E+04
 823.2000 0.229820E+05 0.103150E+04 -.164037E+04
 823.4000 0.236460E+05 0.116030E+04 -.152346E+04
 823.6000 0.242563E+05 0.140156E+04 -.115936E+04
 823.8000 0.248525E+05 0.171322E+04 -.557168E+03
 824.0000 0.254715E+05 0.200174E+04 0.189760E+03
 824.2000 0.260907E+05 0.219465E+04 0.938361E+03
 824.4000 0.266096E+05 0.228091E+04 0.155134E+04
 824.6000 0.269491E+05 0.227697E+04 0.194392E+04
 824.8000 0.271043E+05 0.222627E+04 0.207522E+04
 825.0000 0.270951E+05 0.217435E+04 0.196182E+04
 825.2000 0.269240E+05 0.212641E+04 0.166028E+04
 825.4000 0.265990E+05 0.204467E+04 0.125075E+04
 825.6000 0.261464E+05 0.186179E+04 0.852743E+03
 825.8000 0.256231E+05 0.153606E+04 0.573680E+03
 826.0000 0.251249E+05 0.106544E+04 0.409570E+03
 826.2000 0.247288E+05 0.467372E+03 0.319614E+03
 826.4000 0.244470E+05 -.247399E+03 0.278792E+03
 826.6000 0.242323E+05 -.105744E+04 0.285174E+03
 826.8000 0.240547E+05 -.189588E+04 0.322962E+03
 827.0000 0.239075E+05 -.271306E+04 0.358255E+03
 827.2000 0.237678E+05 -.348649E+04 0.373862E+03
 827.4000 0.236147E+05 -.422021E+04 0.363285E+03
 827.6000 0.234295E+05 -.492264E+04 0.340487E+03
 827.8000 0.232058E+05 -.554820E+04 0.311432E+03
 828.0000 0.229564E+05 -.603614E+04 0.252077E+03
 828.2000 0.227122E+05 -.636470E+04 0.128439E+03
 828.4000 0.224976E+05 -.656917E+04 -.105084E+03
 828.6000 0.223196E+05 -.667740E+04 -.480895E+03
 828.8000 0.221619E+05 -.669836E+04 -.998146E+03
 829.0000 0.219741E+05 -.664319E+04 -.161634E+04
 829.2000 0.216889E+05 -.652978E+04 -.226051E+04
 829.4000 0.212414E+05 -.638215E+04 -.284653E+04
 829.6000 0.205999E+05 -.624033E+04 -.331791E+04
 829.8000 0.197856E+05 -.614077E+04 -.363005E+04
 830.0000 0.188480E+05 -.606780E+04 -.374608E+04
 830.2000 0.178694E+05 -.600486E+04 -.363432E+04
 830.4000 0.169407E+05 -.596085E+04 -.328729E+04
 830.6000 0.161556E+05 -.599287E+04 -.277011E+04
 830.8000 0.155631E+05 -.616163E+04 -.227321E+04
 831.0000 0.151793E+05 -.641740E+04 -.197395E+04
 831.2000 0.150189E+05 -.666608E+04 -.189388E+04
 831.4000 0.150840E+05 -.685122E+04 -.195265E+04
 831.6000 0.153366E+05 -.693938E+04 -.206806E+04
 831.8000 0.156920E+05 -.692708E+04 -.215821E+04
 832.0000 0.160860E+05 -.685030E+04 -.212774E+04
 832.2000 0.164592E+05 -.672362E+04 -.193428E+04
 832.4000 0.168024E+05 -.654305E+04 -.159097E+04
 832.6000 0.171506E+05 -.633338E+04 -.111712E+04
 832.8000 0.175193E+05 -.615044E+04 -.519491E+03
 833.0000 0.179056E+05 -.604662E+04 0.166451E+03
 833.2000 0.182870E+05 -.601855E+04 0.848653E+03
 833.4000 0.186520E+05 -.601812E+04 0.141554E+04
 833.6000 0.189994E+05 -.600916E+04 0.179923E+04
 833.8000 0.193320E+05 -.596161E+04 0.197626E+04
 834.0000 0.196386E+05 -.584812E+04 0.198048E+04
 834.2000 0.198912E+05 -.565999E+04 0.189844E+04
 834.4000 0.200555E+05 -.541270E+04 0.181603E+04
 834.6000 0.201236E+05 -.513422E+04 0.177076E+04
 834.8000 0.201309E+05 -.485625E+04 0.174424E+04
 835.0000 0.201266E+05 -.458728E+04 0.173474E+04
 835.2000 0.201550E+05 -.429908E+04 0.174779E+04
 835.4000 0.202213E+05 -.389466E+04 0.176199E+04
 835.6000 0.202907E+05 -.332587E+04 0.180545E+04
 835.8000 0.203257E+05 -.266105E+04 0.191649E+04
 836.0000 0.203178E+05 -.206358E+04 0.205468E+04
 836.2000 0.202827E+05 -.171016E+04 0.210199E+04
 836.4000 0.202492E+05 -.163978E+04 0.193016E+04
 836.6000 0.202215E+05 -.176011E+04 0.150724E+04
 836.8000 0.201710E+05 -.190806E+04 0.910153E+03
 837.0000 0.200887E+05 -.194899E+04 0.308885E+03
 837.2000 0.200037E+05 -.185441E+04 -.132254E+03
 837.4000 0.199429E+05 -.167644E+04 -.324954E+03
 837.6000 0.198995E+05 -.148520E+04 -.268807E+03
 837.8000 0.198256E+05 -.133517E+04 -.338490E+01
 838.0000 0.196501E+05 -.129266E+04 0.423903E+03
 838.2000 0.193524E+05 -.140757E+04 0.917563E+03
 838.4000 0.189896E+05 -.162998E+04 0.140586E+04
 838.6000 0.186389E+05 -.185036E+04 0.185291E+04
 838.8000 0.183550E+05 -.199224E+04 0.220047E+04
 839.0000 0.181738E+05 -.206548E+04 0.239136E+04
 839.2000 0.181029E+05 -.210793E+04 0.244280E+04
 839.4000 0.181112E+05 -.212665E+04 0.240799E+04
 839.6000 0.181936E+05 -.212083E+04 0.229118E+04
 839.8000 0.184017E+05 -.207905E+04 0.206301E+04
 840.0000 0.187752E+05 -.194251E+04 0.178231E+04
 840.2000 0.192511E+05 -.162417E+04 0.159217E+04
 840.4000 0.196918E+05 -.117951E+04 0.156632E+04
 840.6000 0.200176E+05 -.761335E+03 0.171311E+04
 840.8000 0.202536E+05 -.464281E+03 0.196765E+04
 841.0000 0.204802E+05 -.271010E+03 0.220759E+04
 841.2000 0.207658E+05 -.124074E+03 0.240052E+04
 841.4000 0.211423E+05 -.685893E+02 0.260334E+04
 841.6000 0.215760E+05 -.197974E+03 0.284593E+04
 841.8000 0.219885E+05 -.477234E+03 0.308185E+04
 842.0000 0.223350E+05 -.816980E+03 0.326942E+04
 842.2000 0.225937E+05 -.112348E+04 0.338149E+04
 842.4000 0.227270E+05 -.133863E+04 0.340357E+04
 842.6000 0.227045E+05 -.145220E+04 0.338879E+04
 842.8000 0.225215E+05 -.148295E+04 0.342779E+04
 843.0000 0.221999E+05 -.150671E+04 0.357938E+04
 843.2000 0.217873E+05 -.162344E+04 0.381116E+04
 843.4000 0.213578E+05 -.185594E+04 0.405348E+04
 843.6000 0.209787E+05 -.213948E+04 0.424988E+04
 843.8000 0.206905E+05 -.236555E+04 0.436295E+04
 844.0000 0.204956E+05 -.249558E+04 0.433592E+04
 844.2000 0.203945E+05 -.252411E+04 0.408816E+04
 844.4000 0.204025E+05 -.241851E+04 0.360180E+04
 844.6000 0.205111E+05 -.216578E+04 0.297447E+04
 844.8000 0.206872E+05 -.184275E+04 0.234224E+04
 845.0000 0.209014E+05 -.154837E+04 0.180856E+04
 845.2000 0.211359E+05 -.130085E+04 0.142997E+04
 845.4000 0.213720E+05 -.106684E+04 0.121861E+04
 845.6000 0.215917E+05 -.825839E+03 0.112852E+04
 845.8000 0.217742E+05 -.591414E+03 0.108062E+04
 846.0000 0.219008E+05 -.395784E+03 0.100127E+04
 846.2000 0.219704E+05 -.255521E+03 0.869320E+03
 846.4000 0.220016E+05 -.157650E+03 0.733283E+03
 846.6000 0.220238E+05 -.866216E+02 0.640303E+03
 846.8000 0.220753E+05 -.390449E+02 0.608783E+03
 847.0000 0.221910E+05 -.179923E+02 0.627562E+03
 847.2000 0.223931E+05 -.171667E+01 0.683963E+03
 847.4000 0.226825E+05 0.511924E+02 0.781129E+03
 847.6000 0.230405E+05 0.167495E+03 0.915622E+03
 847.8000 0.234318E+05 0.318179E+03 0.107260E+04
 848.0000 0.238005E+05 0.451755E+03 0.121965E+04
 848.2000 0.240967E+05 0.523876E+03 0.132615E+04
 848.4000 0.242984E+05 0.509818E+03 0.137123E+04
 848.6000 0.244077E+05 0.415561E+03 0.134460E+04
 848.8000 0.244412E+05 0.281716E+03 0.126525E+04
 849.0000 0.244406E+05 0.153019E+03 0.116269E+04
 849.2000 0.244269E+05 0.579808E+02 0.107937E+04
 849.4000 0.243676E+05 0.148043E+02 0.107289E+04
 849.6000 0.242242E+05 0.334712E+02 0.119524E+04
 849.8000 0.239780E+05 0.109837E+03 0.147439E+04
 850.0000 0.236290E+05 0.227727E+03 0.190439E+04
 850.2000 0.231852E+05 0.366712E+03 0.244749E+04
 850.4000 0.226678E+05 0.501738E+03 0.304352E+04
 850.6000 0.220981E+05 0.609749E+03 0.360943E+04
 850.8000 0.215010E+05 0.697249E+03 0.408312E+04
 851.0000 0.209176E+05 0.770907E+03 0.443632E+04
 851.2000 0.204188E+05 0.776113E+03 0.469302E+04
 851.4000 0.200687E+05 0.643283E+03 0.488193E+04
 851.6000 0.198741E+05 0.335940E+03 0.502768E+04
 851.8000 0.198002E+05 -.116368E+03 0.515093E+04
 852.0000 0.198087E+05 -.651916E+03 0.524759E+04
 852.2000 0.198634E+05 -.121205E+04 0.530128E+04
 852.4000 0.199446E+05 -.173183E+04 0.531643E+04
 852.6000 0.200325E+05 -.211528E+04 0.535652E+04
 852.8000 0.201055E+05 -.228215E+04 0.546739E+04
 853.0000 0.201408E+05 -.223257E+04 0.564052E+04
 853.2000 0.201180E+05 -.204866E+04 0.585514E+04
 853.4000 0.200288E+05 -.186673E+04 0.606636E+04
 853.6000 0.198816E+05 -.179136E+04 0.623053E+04
 853.8000 0.196940E+05 -.188445E+04 0.631017E+04
 854.0000 0.194906E+05 -.216006E+04 0.625736E+04
 854.2000 0.192927E+05 -.256782E+04 0.609112E+04
 854.4000 0.191269E+05 -.302371E+04 0.591204E+04
 854.6000 0.190131E+05 -.346726E+04 0.576806E+04
 854.8000 0.189484E+05 -.385536E+04 0.566241E+04
 855.0000 0.189050E+05 -.413940E+04 0.559297E+04
 855.2000 0.188386E+05 -.426829E+04 0.556058E+04
 855.4000 0.187078E+05 -.422761E+04 0.557037E+04
 855.6000 0.184955E+05 -.405648E+04 0.563127E+04
 855.8000 0.182074E+05 -.381940E+04 0.572649E+04
 856.0000 0.178701E+05 -.358348E+04 0.582375E+04
 856.2000 0.175244E+05 -.338714E+04 0.594314E+04
 856.4000 0.172167E+05 -.326936E+04 0.616531E+04
 856.6000 0.169792E+05 -.329120E+04 0.655319E+04
 856.8000 0.168131E+05 -.349733E+04 0.710387E+04
 857.0000 0.167066E+05 -.381820E+04 0.773686E+04
 857.2000 0.166528E+05 -.410305E+04 0.830943E+04
 857.4000 0.166403E+05 -.426901E+04 0.873655E+04
 857.6000 0.166660E+05 -.433864E+04 0.902751E+04
 857.8000 0.167672E+05 -.431068E+04 0.919236E+04
 858.0000 0.169757E+05 -.409989E+04 0.924473E+04
 858.2000 0.172572E+05 -.368018E+04 0.920691E+04
 858.4000 0.175105E+05 -.315042E+04 0.912542E+04
 858.6000 0.175959E+05 -.268411E+04 0.907841E+04
 858.8000 0.175023E+05 -.230433E+04 0.908372E+04
 859.0000 0.173253E+05 -.190075E+04 0.909945E+04
 859.2000 0.171440E+05 -.143797E+04 0.910131E+04
 859.4000 0.170074E+05 -.991925E+03 0.908626E+04
 859.6000 0.169590E+05 -.644349E+03 0.905044E+04
 859.8000 0.170213E+05 -.447973E+03 0.896534E+04
 860.0000 0.171840E+05 -.418104E+03 0.880830E+04
 860.2000 0.174294E+05 -.505281E+03 0.858830E+04
 860.4000 0.177398E+05 -.628626E+03 0.832232E+04
 860.6000 0.180842E+05 -.761192E+03 0.803567E+04
 860.8000 0.184336E+05 -.921066E+03 0.775336E+04
 861.0000 0.187637E+05 -.112188E+04 0.747891E+04
 861.2000 0.190361E+05 -.137094E+04 0.719488E+04
 861.4000 0.191999E+05 -.164024E+04 0.690286E+04
 861.6000 0.192213E+05 -.188887E+04 0.662182E+04
 861.8000 0.190809E+05 -.209928E+04 0.636206E+04
 862.0000 0.187795E+05 -.227486E+04 0.611436E+04
 862.2000 0.183476E+05 -.242517E+04 0.585158E+04
 862.4000 0.178154E+05 -.257372E+04 0.553124E+04
 862.6000 0.172177E+05 -.272976E+04 0.512902E+04
 862.8000 0.165883E+05 -.290041E+04 0.465178E+04
 863.0000 0.159593E+05 -.311792E+04 0.410988E+04
 863.2000 0.153593E+05 -.340142E+04 0.353193E+04
 863.4000 0.148223E+05 -.373150E+04 0.292917E+04
 863.6000 0.143950E+05 -.406371E+04 0.225680E+04
 863.8000 0.141132E+05 -.436748E+04 0.149681E+04
 864.0000 0.139981E+05 -.460680E+04 0.697419E+03
 864.2000 0.140696E+05 -.471411E+04 -.100250E+03
 864.4000 0.143334E+05 -.462485E+04 -.860023E+03
 864.6000 0.147729E+05 -.436825E+04 -.155165E+04
 864.8000 0.153667E+05 -.401416E+04 -.216229E+04
 865.0000 0.161255E+05 -.357288E+04 -.271221E+04
 865.2000 0.170417E+05 -.307654E+04 -.326586E+04
 865.4000 0.180386E+05 -.258559E+04 -.383624E+04
 865.6000 0.190221E+05 -.214168E+04 -.434189E+04
 865.8000 0.199348E+05 -.176708E+04 -.470762E+04
 866.0000 0.207396E+05 -.147513E+04 -.492341E+04
 866.2000 0.213783E+05 -.121893E+04 -.499548E+04
 866.4000 0.217734E+05 -.945859E+03 -.492693E+04
 866.6000 0.218959E+05 -.643017E+03 -.476199E+04
 866.8000 0.217865E+05 -.314038E+03 -.458114E+04
 867.0000 0.215434E+05 0.372868E+01 -.443002E+04
 867.2000 0.212782E+05 0.236120E+03 -.430406E+04
 867.4000 0.210556E+05 0.330479E+03 -.417105E+04
 867.6000 0.208818E+05 0.307988E+03 -.399124E+04
 867.8000 0.207299E+05 0.218758E+03 -.372955E+04
 868.0000 0.205697E+05 0.985492E+02 -.334108E+04
 868.2000 0.203353E+05 -.553342E+02 -.284348E+04
 868.4000 0.199101E+05 -.235586E+03 -.234944E+04
 868.6000 0.192488E+05 -.379912E+03 -.190669E+04
 868.8000 0.184177E+05 -.475441E+03 -.150878E+04
 869.0000 0.175360E+05 -.542756E+03 -.116258E+04
 869.2000 0.167087E+05 -.595889E+03 -.896974E+03
 869.4000 0.159884E+05 -.640969E+03 -.757279E+03
 869.6000 0.154090E+05 -.683877E+03 -.791497E+03
 869.8000 0.149843E+05 -.678680E+03 -.850529E+03
 870.0000 0.147176E+05 -.593604E+03 -.675690E+03
 870.2000 0.146235E+05 -.498667E+03 -.198257E+03
 870.4000 0.147123E+05 -.455697E+03 0.466449E+03
 870.6000 0.149260E+05 -.488913E+03 0.111228E+04
 870.8000 0.151830E+05 -.580401E+03 0.153897E+04
 871.0000 0.154507E+05 -.664578E+03 0.163118E+04
 871.2000 0.157480E+05 -.676031E+03 0.139126E+04
 871.4000 0.161043E+05 -.577398E+03 0.917623E+03
 871.6000 0.165352E+05 -.416120E+03 0.364239E+03
 871.8000 0.170266E+05 -.335457E+03 -.154230E+03
 872.0000 0.175286E+05 -.433350E+03 -.605068E+03
 872.2000 0.179852E+05 -.688090E+03 -.998284E+03
 872.4000 0.183530E+05 -.101883E+04 -.135801E+04
 872.6000 0.185940E+05 -.133735E+04 -.166829E+04
 872.8000 0.186951E+05 -.159938E+04 -.189597E+04
 873.0000 0.186647E+05 -.179966E+04 -.204844E+04
 873.2000 0.185354E+05 -.190365E+04 -.216125E+04
 873.4000 0.183761E+05 -.184610E+04 -.221517E+04
 873.6000 0.182403E+05 -.160757E+04 -.218761E+04
 873.8000 0.181103E+05 -.124555E+04 -.209686E+04
 874.0000 0.179295E+05 -.889520E+03 -.204091E+04
 874.2000 0.176540E+05 -.687020E+03 -.214047E+04
 874.4000 0.172989E+05 -.713238E+03 -.247572E+04
 874.6000 0.168828E+05 -.977703E+03 -.305759E+04
 874.8000 0.164213E+05 -.142327E+04 -.383366E+04
 875.0000 0.159399E+05 -.195471E+04 -.470555E+04
 875.2000 0.154959E+05 -.247259E+04 -.553373E+04
 875.4000 0.151620E+05 -.287387E+04 -.617085E+04
 875.6000 0.149928E+05 -.307128E+04 -.653857E+04
 875.8000 0.150067E+05 -.303601E+04 -.663593E+04
 876.0000 0.151717E+05 -.282689E+04 -.652918E+04
 876.2000 0.154450E+05 -.255838E+04 -.629645E+04
 876.4000 0.157968E+05 -.232136E+04 -.599481E+04
 876.6000 0.161830E+05 -.214067E+04 -.566604E+04
 876.8000 0.165563E+05 -.198923E+04 -.536756E+04
 877.0000 0.168704E+05 -.184275E+04 -.511737E+04
 877.2000 0.170936E+05 -.171847E+04 -.492328E+04
 877.4000 0.172117E+05 -.162451E+04 -.479759E+04
 877.6000 0.172278E+05 -.150675E+04 -.476201E+04
 877.8000 0.171575E+05 -.134795E+04 -.479119E+04
 878.0000 0.170409E+05 -.118343E+04 -.480773E+04
 878.2000 0.169317E+05 -.106879E+04 -.473290E+04
 878.4000 0.168870E+05 -.105477E+04 -.448846E+04
 878.6000 0.169668E+05 -.114342E+04 -.399954E+04
 878.8000 0.172139E+05 -.127685E+04 -.327278E+04
 879.0000 0.176158E+05 -.140256E+04 -.241413E+04
 879.2000 0.180618E+05 -.148046E+04 -.163399E+04
 879.4000 0.184773E+05 -.149405E+04 -.105252E+04
 879.6000 0.188428E+05 -.142632E+04 -.642017E+03
 879.8000 0.191659E+05 -.127468E+04 -.297481E+03
 880.0000 0.194360E+05 -.106291E+04 0.821747E+02
 880.2000 0.196275E+05 -.830527E+03 0.532981E+03
 880.4000 0.197190E+05 -.582984E+03 0.100162E+04
 880.6000 0.197064E+05 -.301319E+03 0.143358E+04
 880.8000 0.195966E+05 -.187944E+02 0.181924E+04
 881.0000 0.194005E+05 0.203535E+03 0.213876E+04
 881.2000 0.191365E+05 0.324895E+03 0.235477E+04
 881.4000 0.188202E+05 0.339427E+03 0.242744E+04
 881.6000 0.184502E+05 0.271219E+03 0.231451E+04
 881.8000 0.180004E+05 0.170172E+03 0.197323E+04
 882.0000 0.174566E+05 0.840109E+02 0.141037E+04
 882.2000 0.168444E+05 0.478022E+02 0.695170E+03
 882.4000 0.162150E+05 0.554949E+02 -.802268E+02
 882.6000 0.156247E+05 0.611656E+02 -.820110E+03
 882.8000 0.151280E+05 0.258140E+02 -.143506E+04
 883.0000 0.147832E+05 -.330845E+02 -.186204E+04
 883.2000 0.146184E+05 -.726126E+02 -.211414E+04
 883.4000 0.146082E+05 -.908693E+02 -.226779E+04
 883.6000 0.146973E+05 -.116764E+03 -.240981E+04
 883.8000 0.148372E+05 -.161286E+03 -.258401E+04
 884.0000 0.150122E+05 -.201547E+03 -.275633E+04
 884.2000 0.152164E+05 -.207962E+03 -.290901E+04
 884.4000 0.154345E+05 -.196800E+03 -.306392E+04
 884.6000 0.156339E+05 -.227279E+03 -.323677E+04
 884.8000 0.157801E+05 -.294502E+03 -.342292E+04
 885.0000 0.158584E+05 -.384700E+03 -.372281E+04
 885.2000 0.158432E+05 -.525129E+03 -.417033E+04
 885.4000 0.157005E+05 -.760368E+03 -.468440E+04
 885.6000 0.154213E+05 -.111135E+04 -.515467E+04
 885.8000 0.150460E+05 -.149998E+04 -.552353E+04
 886.0000 0.146384E+05 -.180178E+04 -.576535E+04
 886.2000 0.142479E+05 -.197803E+04 -.584685E+04
 886.4000 0.138846E+05 -.211157E+04 -.576993E+04
 886.6000 0.135425E+05 -.233090E+04 -.563927E+04
 886.8000 0.132187E+05 -.276317E+04 -.554058E+04
 887.0000 0.129208E+05 -.343783E+04 -.542974E+04
 887.2000 0.126505E+05 -.432544E+04 -.527827E+04
 887.4000 0.124041E+05 -.537978E+04 -.519769E+04
 887.6000 0.122376E+05 -.639430E+04 -.536894E+04
 887.8000 0.121869E+05 -.721089E+04 -.582888E+04
 888.0000 0.122163E+05 -.781850E+04 -.643502E+04
 888.2000 0.122813E+05 -.824141E+04 -.701462E+04
 888.4000 0.123882E+05 -.847290E+04 -.745831E+04
 888.6000 0.125631E+05 -.853520E+04 -.768076E+04
 888.8000 0.128152E+05 -.847564E+04 -.763033E+04
 889.0000 0.131328E+05 -.829380E+04 -.735920E+04
 889.2000 0.134852E+05 -.798116E+04 -.695081E+04
 889.4000 0.138113E+05 -.759153E+04 -.644611E+04
 889.6000 0.140587E+05 -.719940E+04 -.587287E+04
 889.8000 0.142411E+05 -.685523E+04 -.525358E+04
 890.0000 0.144271E+05 -.658400E+04 -.460204E+04
 890.2000 0.146606E+05 -.636305E+04 -.395039E+04
 890.4000 0.149598E+05 -.608800E+04 -.329477E+04
 890.6000 0.153451E+05 -.565529E+04 -.262157E+04
 890.8000 0.158057E+05 -.506023E+04 -.195607E+04
 891.0000 0.162743E+05 -.440247E+04 -.134996E+04
 891.2000 0.166472E+05 -.382606E+04 -.835806E+03
 891.4000 0.168391E+05 -.342570E+04 -.420660E+03
 891.6000 0.168456E+05 -.324363E+04 -.106397E+03
 891.8000 0.167329E+05 -.325458E+04 0.864123E+02
 892.0000 0.165834E+05 -.334435E+04 0.134764E+03
 892.2000 0.164452E+05 -.336516E+04 0.573716E+02
 892.4000 0.163134E+05 -.323625E+04 -.539805E+02
 892.6000 0.161777E+05 -.293534E+04 -.116782E+03
 892.8000 0.160571E+05 -.249127E+04 -.953720E+02
 893.0000 0.159958E+05 -.196212E+04 -.316780E-01
 893.2000 0.160327E+05 -.143403E+04 0.110411E+03
 893.4000 0.161864E+05 -.998502E+03 0.168290E+03
 893.6000 0.164473E+05 -.706420E+03 0.174203E+03
 893.8000 0.167711E+05 -.590616E+03 0.217141E+03
 894.0000 0.170949E+05 -.672288E+03 0.391664E+03
 894.2000 0.173805E+05 -.946382E+03 0.725151E+03
 894.4000 0.176078E+05 -.136021E+04 0.118281E+04
 894.6000 0.177676E+05 -.183222E+04 0.169924E+04
 894.8000 0.178628E+05 -.227202E+04 0.219709E+04
 895.0000 0.179193E+05 -.260390E+04 0.258909E+04
 895.2000 0.180063E+05 -.276434E+04 0.280724E+04
 895.4000 0.181989E+05 -.275044E+04 0.287461E+04
 895.6000 0.185277E+05 -.263313E+04 0.289450E+04
 895.8000 0.189567E+05 -.246982E+04 0.290966E+04
 896.0000 0.194270E+05 -.226747E+04 0.286073E+04
 896.2000 0.199162E+05 -.198437E+04 0.270897E+04
 896.4000 0.204065E+05 -.158447E+04 0.247495E+04
 896.6000 0.209011E+05 -.103686E+04 0.224048E+04
 896.8000 0.214102E+05 -.344873E+03 0.214777E+04
 897.0000 0.219116E+05 0.443517E+03 0.233222E+04
 897.2000 0.223691E+05 0.124646E+04 0.283508E+04
 897.4000 0.227380E+05 0.192927E+04 0.360543E+04
 897.6000 0.229923E+05 0.240606E+04 0.455938E+04
 897.8000 0.231292E+05 0.270847E+04 0.565428E+04
 898.0000 0.231607E+05 0.287965E+04 0.677702E+04
 898.2000 0.230983E+05 0.296693E+04 0.780631E+04
 898.4000 0.228850E+05 0.302733E+04 0.870651E+04
 898.6000 0.224575E+05 0.308974E+04 0.949055E+04
 898.8000 0.218044E+05 0.315212E+04 0.102506E+05
 899.0000 0.209954E+05 0.320395E+04 0.110977E+05
 899.2000 0.202066E+05 0.323402E+04 0.120290E+05
 899.4000 0.196419E+05 0.325217E+04 0.129328E+05
 899.6000 0.193993E+05 0.326515E+04 0.137111E+05
 899.8000 0.193690E+05 0.325111E+04 0.144066E+05
 900.0000 0.194029E+05 0.320676E+04 0.150941E+05
